-5 	348.432 	100000 	0.999645 	-1.67015e-13 	0 	0
-4.98999 	348.432 	100000 	0.999645 	-1.67015e-13 	0 	0
-4.97998 	348.432 	100000 	0.999645 	-1.67015e-13 	0 	0
-4.96997 	348.432 	100000 	0.999645 	-1.67015e-13 	0 	0
-4.95996 	348.432 	100000 	0.999645 	-1.67015e-13 	0 	0
-4.94995 	348.432 	100000 	0.999645 	-1.66999e-13 	0 	0
-4.93994 	348.432 	100000 	0.999645 	-1.63798e-13 	0 	0
-4.92993 	348.432 	100000 	0.999645 	-1.60597e-13 	0 	0
-4.91992 	348.432 	100000 	0.999645 	-1.57397e-13 	0 	0
-4.90991 	348.432 	100000 	0.999645 	-1.54196e-13 	0 	0
-4.8999 	348.432 	100000 	0.999645 	-1.50995e-13 	0 	0
-4.88989 	348.432 	100000 	0.999645 	-1.47794e-13 	0 	0
-4.87988 	348.432 	100000 	0.999645 	-1.44593e-13 	0 	0
-4.86987 	348.432 	100000 	0.999645 	-1.41393e-13 	0 	0
-4.85986 	348.432 	100000 	0.999645 	-1.38192e-13 	0 	0
-4.84985 	348.432 	100000 	0.999645 	-1.34756e-13 	0 	0
-4.83984 	348.432 	100000 	0.999645 	-1.15914e-13 	0 	0
-4.82983 	348.432 	100000 	0.999645 	-9.70717e-14 	0 	0
-4.81982 	348.432 	100000 	0.999645 	-7.82294e-14 	0 	0
-4.80981 	348.432 	100000 	0.999645 	-5.93871e-14 	0 	0
-4.7998 	348.432 	100000 	0.999645 	-4.05448e-14 	0 	0
-4.78979 	348.432 	100000 	0.999645 	-2.17025e-14 	0 	0
-4.77978 	348.432 	100000 	0.999645 	-2.86018e-15 	0 	0
-4.76977 	348.432 	100000 	0.999645 	1.59821e-14 	0 	0
-4.75976 	348.432 	100000 	0.999645 	3.48244e-14 	0 	0
-4.74975 	348.432 	100000 	0.999645 	5.34567e-14 	0 	0
-4.73974 	348.432 	100000 	0.999645 	6.38973e-14 	0 	0
-4.72973 	348.432 	100000 	0.999645 	7.43379e-14 	0 	0
-4.71972 	348.432 	100000 	0.999645 	8.47784e-14 	0 	0
-4.70971 	348.432 	100000 	0.999645 	9.5219e-14 	0 	0
-4.6997 	348.432 	100000 	0.999645 	1.0566e-13 	0 	0
-4.68969 	348.432 	100000 	0.999645 	1.161e-13 	0 	0
-4.67968 	348.432 	100000 	0.999645 	1.26541e-13 	0 	0
-4.66967 	348.432 	100000 	0.999645 	1.36981e-13 	0 	0
-4.65966 	348.432 	100000 	0.999645 	1.47422e-13 	0 	0
-4.64965 	348.432 	100000 	0.999645 	1.57116e-13 	0 	0
-4.63964 	348.432 	100000 	0.999645 	1.46226e-13 	0 	0
-4.62963 	348.432 	100000 	0.999645 	1.35335e-13 	0 	0
-4.61962 	348.432 	100000 	0.999645 	1.24445e-13 	0 	0
-4.60961 	348.432 	100000 	0.999645 	1.13555e-13 	0 	0
-4.5996 	348.432 	100000 	0.999645 	1.02664e-13 	0 	0
-4.58959 	348.432 	100000 	0.999645 	9.17741e-14 	0 	0
-4.57958 	348.432 	100000 	0.999645 	8.08838e-14 	0 	0
-4.56957 	348.432 	100000 	0.999645 	6.99935e-14 	0 	0
-4.55956 	348.432 	100000 	0.999645 	5.91032e-14 	0 	0
-4.54955 	348.432 	100000 	0.999645 	4.80973e-14 	0 	0
-4.53954 	348.432 	100000 	0.999645 	3.46377e-14 	0 	0
-4.52953 	348.432 	100000 	0.999645 	2.11782e-14 	0 	0
-4.51952 	348.432 	100000 	0.999645 	7.71861e-15 	0 	0
-4.50951 	348.432 	100000 	0.999645 	-5.74096e-15 	0 	0
-4.4995 	348.432 	100000 	0.999645 	-1.92005e-14 	0 	0
-4.48949 	348.432 	100000 	0.999645 	-3.26601e-14 	0 	0
-4.47948 	348.432 	100000 	0.999645 	-4.61197e-14 	0 	0
-4.46947 	348.432 	100000 	0.999645 	-5.95792e-14 	0 	0
-4.45946 	348.432 	100000 	0.999645 	-7.30388e-14 	0 	0
-4.44945 	348.432 	100000 	0.999645 	-8.62346e-14 	0 	0
-4.43944 	348.432 	100000 	0.999645 	-9.48974e-14 	0 	0
-4.42943 	348.432 	100000 	0.999645 	-1.0356e-13 	0 	0
-4.41942 	348.432 	100000 	0.999645 	-1.12223e-13 	0 	0
-4.40941 	348.432 	100000 	0.999645 	-1.20886e-13 	0 	0
-4.3994 	348.432 	100000 	0.999645 	-1.29549e-13 	0 	0
-4.38939 	348.432 	100000 	0.999645 	-1.38212e-13 	0 	0
-4.37938 	348.432 	100000 	0.999645 	-1.46875e-13 	0 	0
-4.36937 	348.432 	100000 	0.999645 	-1.55537e-13 	0 	0
-4.35936 	348.432 	100000 	0.999645 	-1.642e-13 	0 	0
-4.34935 	348.432 	100000 	0.999645 	-1.71782e-13 	0 	0
-4.33934 	348.432 	100000 	0.999645 	-1.63806e-13 	0 	0
-4.32933 	348.432 	100000 	0.999645 	-1.5583e-13 	0 	0
-4.31932 	348.432 	100000 	0.999645 	-1.47854e-13 	0 	0
-4.30931 	348.432 	100000 	0.999645 	-1.39878e-13 	0 	0
-4.2993 	348.432 	100000 	0.999645 	-1.31903e-13 	0 	0
-4.28929 	348.432 	100000 	0.999645 	-1.23927e-13 	0 	0
-4.27928 	348.432 	100000 	0.999645 	-1.15951e-13 	0 	0
-4.26927 	348.432 	100000 	0.999645 	-1.07975e-13 	0 	0
-4.25926 	348.432 	100000 	0.999645 	-9.99996e-14 	0 	0
-4.24925 	348.432 	100000 	0.999645 	-9.36265e-14 	0 	0
-4.23924 	348.432 	100000 	0.999645 	-1.0702e-13 	0 	0
-4.22923 	348.432 	100000 	0.999645 	-1.20413e-13 	0 	0
-4.21922 	348.432 	100000 	0.999645 	-1.33806e-13 	0 	0
-4.20921 	348.432 	100000 	0.999645 	-1.472e-13 	0 	0
-4.1992 	348.432 	100000 	0.999645 	-1.60593e-13 	0 	0
-4.18919 	348.432 	100000 	0.999645 	-1.73986e-13 	0 	0
-4.17918 	348.432 	100000 	0.999645 	-1.8738e-13 	0 	0
-4.16917 	348.432 	100000 	0.999645 	-2.00773e-13 	0 	0
-4.15916 	348.432 	100000 	0.999645 	-2.14166e-13 	0 	0
-4.14915 	348.432 	100000 	0.999645 	-2.29215e-13 	0 	0
-4.13914 	348.432 	100000 	0.999645 	-2.6209e-13 	0 	0
-4.12913 	348.432 	100000 	0.999645 	-2.94965e-13 	0 	0
-4.11912 	348.432 	100000 	0.999645 	-3.2784e-13 	0 	0
-4.10911 	348.432 	100000 	0.999645 	-3.60714e-13 	0 	0
-4.0991 	348.432 	100000 	0.999645 	-3.93589e-13 	0 	0
-4.08909 	348.432 	100000 	0.999645 	-4.26464e-13 	0 	0
-4.07908 	348.432 	100000 	0.999645 	-4.59339e-13 	0 	0
-4.06907 	348.432 	100000 	0.999645 	-4.92214e-13 	0 	0
-4.05906 	348.432 	100000 	0.999645 	-5.25088e-13 	0 	0
-4.04905 	348.432 	100000 	0.999645 	-5.56071e-13 	0 	0
-4.03904 	348.432 	100000 	0.999645 	-5.69033e-13 	0 	0
-4.02903 	348.432 	100000 	0.999645 	-5.81995e-13 	0 	0
-4.01902 	348.432 	100000 	0.999645 	-5.94957e-13 	0 	0
-4.00901 	348.432 	100000 	0.999645 	-6.07919e-13 	0 	0
-3.999 	348.432 	100000 	0.999645 	-6.20881e-13 	0 	0
-3.98899 	348.432 	100000 	0.999645 	-6.33843e-13 	0 	0
-3.97898 	348.432 	100000 	0.999645 	-6.46804e-13 	0 	0
-3.96897 	348.432 	100000 	0.999645 	-6.59766e-13 	0 	0
-3.95896 	348.432 	100000 	0.999645 	-6.72728e-13 	0 	0
-3.94895 	348.432 	100000 	0.999645 	-6.82955e-13 	0 	0
-3.93894 	348.432 	100000 	0.999645 	-6.69868e-13 	0 	0
-3.92893 	348.432 	100000 	0.999645 	-6.56781e-13 	0 	0
-3.91892 	348.432 	100000 	0.999645 	-6.43694e-13 	0 	0
-3.90891 	348.432 	100000 	0.999645 	-6.30607e-13 	0 	0
-3.8989 	348.432 	100000 	0.999645 	-6.1752e-13 	0 	0
-3.88889 	348.432 	100000 	0.999645 	-6.04433e-13 	0 	0
-3.87888 	348.432 	100000 	0.999645 	-5.91346e-13 	0 	0
-3.86887 	348.432 	100000 	0.999645 	-5.78259e-13 	0 	0
-3.85886 	348.432 	100000 	0.999645 	-5.65172e-13 	0 	0
-3.84885 	348.432 	100000 	0.999645 	-5.49912e-13 	0 	0
-3.83884 	348.432 	100000 	0.999645 	-5.17932e-13 	0 	0
-3.82883 	348.432 	100000 	0.999645 	-4.85952e-13 	0 	0
-3.81882 	348.432 	100000 	0.999645 	-4.53972e-13 	0 	0
-3.80881 	348.432 	100000 	0.999645 	-4.21992e-13 	0 	0
-3.7988 	348.432 	100000 	0.999645 	-3.90011e-13 	0 	0
-3.78879 	348.432 	100000 	0.999645 	-3.58031e-13 	0 	0
-3.77878 	348.432 	100000 	0.999645 	-3.26051e-13 	0 	0
-3.76877 	348.432 	100000 	0.999645 	-2.94071e-13 	0 	0
-3.75876 	348.432 	100000 	0.999645 	-2.62091e-13 	0 	0
-3.74875 	348.432 	100000 	0.999645 	-2.317e-13 	0 	0
-3.73874 	348.432 	100000 	0.999645 	-2.12437e-13 	0 	0
-3.72873 	348.432 	100000 	0.999645 	-1.93173e-13 	0 	0
-3.71872 	348.432 	100000 	0.999645 	-1.7391e-13 	0 	0
-3.70871 	348.432 	100000 	0.999645 	-1.54646e-13 	0 	0
-3.6987 	348.432 	100000 	0.999645 	-1.35383e-13 	0 	0
-3.68869 	348.432 	100000 	0.999645 	-1.1612e-13 	0 	0
-3.67868 	348.432 	100000 	0.999645 	-9.68562e-14 	0 	0
-3.66867 	348.432 	100000 	0.999645 	-7.75928e-14 	0 	0
-3.65866 	348.432 	100000 	0.999645 	-5.83294e-14 	0 	0
-3.64865 	348.432 	100000 	0.999645 	-4.22128e-14 	0 	0
-3.63864 	348.432 	100000 	0.999645 	-4.62593e-14 	0 	0
-3.62863 	348.432 	100000 	0.999645 	-5.03059e-14 	0 	0
-3.61862 	348.432 	100000 	0.999645 	-5.43524e-14 	0 	0
-3.60861 	348.432 	100000 	0.999645 	-5.8399e-14 	0 	0
-3.5986 	348.432 	100000 	0.999645 	-6.24455e-14 	0 	0
-3.58859 	348.432 	100000 	0.999645 	-6.64921e-14 	0 	0
-3.57858 	348.432 	100000 	0.999645 	-7.05386e-14 	0 	0
-3.56857 	348.432 	100000 	0.999645 	-7.45852e-14 	0 	0
-3.55856 	348.432 	100000 	0.999645 	-7.86317e-14 	0 	0
-3.54855 	348.432 	100000 	0.999645 	-8.14126e-14 	0 	0
-3.53854 	348.432 	100000 	0.999645 	-7.67303e-14 	0 	0
-3.52853 	348.432 	100000 	0.999645 	-7.2048e-14 	0 	0
-3.51852 	348.432 	100000 	0.999645 	-6.73657e-14 	0 	0
-3.50851 	348.432 	100000 	0.999645 	-6.26834e-14 	0 	0
-3.4985 	348.432 	100000 	0.999645 	-5.80011e-14 	0 	0
-3.48849 	348.432 	100000 	0.999645 	-5.33188e-14 	0 	0
-3.47848 	348.432 	100000 	0.999645 	-4.86365e-14 	0 	0
-3.46847 	348.432 	100000 	0.999645 	-4.39542e-14 	0 	0
-3.45846 	348.432 	100000 	0.999645 	-3.92719e-14 	0 	0
-3.44845 	348.432 	100000 	0.999645 	-3.5949e-14 	0 	0
-3.43844 	348.432 	100000 	0.999645 	-4.00367e-14 	0 	0
-3.42843 	348.432 	100000 	0.999645 	-4.41244e-14 	0 	0
-3.41842 	348.432 	100000 	0.999645 	-4.82121e-14 	0 	0
-3.40841 	348.432 	100000 	0.999645 	-5.22999e-14 	0 	0
-3.3984 	348.432 	100000 	0.999645 	-5.63876e-14 	0 	0
-3.38839 	348.432 	100000 	0.999645 	-6.04753e-14 	0 	0
-3.37838 	348.432 	100000 	0.999645 	-6.4563e-14 	0 	0
-3.36837 	348.432 	100000 	0.999645 	-6.86507e-14 	0 	0
-3.35836 	348.432 	100000 	0.999645 	-7.27385e-14 	0 	0
-3.34835 	348.432 	100000 	0.999645 	-7.4762e-14 	0 	0
-3.33834 	348.432 	100000 	0.999645 	-6.63397e-14 	0 	0
-3.32833 	348.432 	100000 	0.999645 	-5.79175e-14 	0 	0
-3.31832 	348.432 	100000 	0.999645 	-4.94952e-14 	0 	0
-3.30831 	348.432 	100000 	0.999645 	-4.10729e-14 	0 	0
-3.2983 	348.432 	100000 	0.999645 	-3.26506e-14 	0 	0
-3.28829 	348.432 	100000 	0.999645 	-2.42284e-14 	0 	0
-3.27828 	348.432 	100000 	0.999645 	-1.58061e-14 	0 	0
-3.26827 	348.432 	100000 	0.999645 	-7.38382e-15 	0 	0
-3.25826 	348.432 	100000 	0.999645 	1.03845e-15 	0 	0
-3.24825 	348.432 	100000 	0.999645 	9.41853e-15 	0 	0
-3.23824 	348.432 	100000 	0.999645 	1.75997e-14 	0 	0
-3.22823 	348.432 	100000 	0.999645 	2.57808e-14 	0 	0
-3.21822 	348.432 	100000 	0.999645 	3.3962e-14 	0 	0
-3.20821 	348.432 	100000 	0.999645 	4.21432e-14 	0 	0
-3.1982 	348.432 	100000 	0.999645 	5.03243e-14 	0 	0
-3.18819 	348.432 	100000 	0.999645 	5.85055e-14 	0 	0
-3.17818 	348.432 	100000 	0.999645 	6.66866e-14 	0 	0
-3.16817 	348.432 	100000 	0.999645 	7.48678e-14 	0 	0
-3.15816 	348.432 	100000 	0.999645 	8.3049e-14 	0 	0
-3.14815 	348.432 	100000 	0.999645 	8.8591e-14 	0 	0
-3.13814 	348.432 	100000 	0.999645 	8.25069e-14 	0 	0
-3.12813 	348.432 	100000 	0.999645 	7.64229e-14 	0 	0
-3.11812 	348.432 	100000 	0.999645 	7.03388e-14 	0 	0
-3.10811 	348.432 	100000 	0.999645 	6.42547e-14 	0 	0
-3.0981 	348.432 	100000 	0.999645 	5.81706e-14 	0 	0
-3.08809 	348.432 	100000 	0.999645 	5.20865e-14 	0 	0
-3.07808 	348.432 	100000 	0.999645 	4.60024e-14 	0 	0
-3.06807 	348.432 	100000 	0.999645 	3.99183e-14 	0 	0
-3.05806 	348.432 	100000 	0.999645 	3.38342e-14 	0 	0
-3.04805 	348.432 	100000 	0.999645 	2.84755e-14 	0 	0
-3.03804 	348.432 	100000 	0.999645 	2.61112e-14 	0 	0
-3.02803 	348.432 	100000 	0.999645 	2.37469e-14 	0 	0
-3.01802 	348.432 	100000 	0.999645 	2.13826e-14 	0 	0
-3.00801 	348.432 	100000 	0.999645 	1.90183e-14 	0 	0
-2.998 	348.432 	100000 	0.999645 	1.6654e-14 	0 	0
-2.98799 	348.432 	100000 	0.999645 	1.42897e-14 	0 	0
-2.97798 	348.432 	100000 	0.999645 	1.19254e-14 	0 	0
-2.96797 	348.432 	100000 	0.999645 	9.56109e-15 	0 	0
-2.95796 	348.432 	100000 	0.999645 	7.1968e-15 	0 	0
-2.94795 	348.432 	100000 	0.999645 	4.61007e-15 	0 	0
-2.93794 	348.432 	100000 	0.999645 	1.16073e-15 	0 	0
-2.92793 	348.432 	100000 	0.999645 	-2.28861e-15 	0 	0
-2.91792 	348.432 	100000 	0.999645 	-5.73795e-15 	0 	0
-2.90791 	348.432 	100000 	0.999645 	-9.18728e-15 	0 	0
-2.8979 	348.432 	100000 	0.999645 	-1.26366e-14 	0 	0
-2.88789 	348.432 	100000 	0.999645 	-1.6086e-14 	0 	0
-2.87788 	348.432 	100000 	0.999645 	-1.95353e-14 	0 	0
-2.86787 	348.432 	100000 	0.999645 	-2.29846e-14 	0 	0
-2.85786 	348.432 	100000 	0.999645 	-2.6434e-14 	0 	0
-2.84785 	348.432 	100000 	0.999645 	-2.71258e-14 	0 	0
-2.83784 	348.432 	100000 	0.999645 	-1.77495e-14 	0 	0
-2.82783 	348.432 	100000 	0.999645 	-8.37312e-15 	0 	0
-2.81782 	348.432 	100000 	0.999645 	1.00322e-15 	0 	0
-2.80781 	348.432 	100000 	0.999645 	1.03796e-14 	0 	0
-2.7978 	348.432 	100000 	0.999645 	1.97559e-14 	0 	0
-2.78779 	348.432 	100000 	0.999645 	2.91322e-14 	0 	0
-2.77778 	348.432 	100000 	0.999645 	3.85086e-14 	0 	0
-2.76777 	348.432 	100000 	0.999645 	4.78849e-14 	0 	0
-2.75776 	348.432 	100000 	0.999645 	5.72612e-14 	0 	0
-2.74775 	348.432 	100000 	0.999645 	6.73293e-14 	0 	0
-2.73774 	348.432 	100000 	0.999645 	7.97802e-14 	0 	0
-2.72773 	348.432 	100000 	0.999645 	9.22311e-14 	0 	0
-2.71772 	348.432 	100000 	0.999645 	1.04682e-13 	0 	0
-2.70771 	348.432 	100000 	0.999645 	1.17133e-13 	0 	0
-2.6977 	348.432 	100000 	0.999645 	1.29584e-13 	0 	0
-2.68769 	348.432 	100000 	0.999645 	1.42035e-13 	0 	0
-2.67768 	348.432 	100000 	0.999645 	1.54485e-13 	0 	0
-2.66767 	348.432 	100000 	0.999645 	1.66936e-13 	0 	0
-2.65766 	348.432 	100000 	0.999645 	1.79387e-13 	0 	0
-2.64765 	348.432 	100000 	0.999645 	1.88166e-13 	0 	0
-2.63764 	348.432 	100000 	0.999645 	1.84991e-13 	0 	0
-2.62763 	348.432 	100000 	0.999645 	1.81816e-13 	0 	0
-2.61762 	348.432 	100000 	0.999645 	1.78642e-13 	0 	0
-2.60761 	348.432 	100000 	0.999645 	1.75467e-13 	0 	0
-2.5976 	348.432 	100000 	0.999645 	1.72292e-13 	0 	0
-2.58759 	348.432 	100000 	0.999645 	1.69117e-13 	0 	0
-2.57758 	348.432 	100000 	0.999645 	1.65943e-13 	0 	0
-2.56757 	348.432 	100000 	0.999645 	1.62768e-13 	0 	0
-2.55756 	348.432 	100000 	0.999645 	1.59593e-13 	0 	0
-2.54755 	348.432 	100000 	0.999645 	4.58409e-13 	0 	0
-2.53754 	348.432 	100000 	0.999645 	1.68785e-12 	0 	0
-2.52753 	348.432 	100000 	0.999645 	2.91729e-12 	0 	0
-2.51752 	348.432 	100000 	0.999645 	4.14673e-12 	0 	0
-2.50751 	348.432 	100000 	0.999645 	5.37617e-12 	0 	0
-2.4975 	348.432 	100000 	0.999645 	6.60561e-12 	0 	0
-2.48749 	348.432 	100000 	0.999645 	7.83505e-12 	0 	0
-2.47748 	348.432 	100000 	0.999645 	9.06449e-12 	0 	0
-2.46747 	348.432 	100000 	0.999645 	1.02939e-11 	0 	0
-2.45746 	348.432 	100000 	0.999645 	1.15234e-11 	0 	0
-2.44745 	348.432 	100000 	0.999645 	5.42147e-09 	0 	0
-2.43744 	348.432 	100000 	0.999645 	2.66333e-08 	0 	0
-2.42743 	348.432 	100000 	0.999645 	4.78452e-08 	0 	0
-2.41742 	348.432 	100000 	0.999645 	6.90571e-08 	0 	0
-2.40741 	348.432 	100000 	0.999645 	9.02689e-08 	0 	0
-2.3974 	348.432 	100000 	0.999645 	1.11481e-07 	0 	0
-2.38739 	348.432 	100000 	0.999645 	1.32693e-07 	0 	0
-2.37738 	348.432 	100000 	0.999645 	1.53905e-07 	0 	0
-2.36737 	348.432 	100000 	0.999645 	1.75116e-07 	0 	0
-2.35736 	348.432 	100000 	0.999645 	1.96328e-07 	0 	0
-2.34735 	348.432 	100000 	0.999645 	7.47401e-06 	0 	0
-2.33734 	348.432 	100000 	0.999645 	3.48781e-05 	0 	0
-2.32733 	348.432 	100000 	0.999645 	6.22822e-05 	0 	0
-2.31732 	348.432 	100000 	0.999645 	8.96863e-05 	0 	0
-2.30731 	348.432 	100000 	0.999645 	0.00011709 	0 	0
-2.2973 	348.432 	99999.9 	0.999645 	0.000144495 	0 	0
-2.28729 	348.432 	99999.9 	0.999645 	0.000171899 	0 	0
-2.27728 	348.432 	99999.9 	0.999645 	0.000199303 	0 	0
-2.26727 	348.432 	99999.9 	0.999645 	0.000226707 	0 	0
-2.25726 	348.432 	99999.9 	0.999645 	0.000254111 	0 	0
-2.24725 	348.432 	99999.5 	0.999642 	0.00128984 	0 	0
-2.23724 	348.43 	99998.1 	0.999632 	0.0049839 	0 	0
-2.22723 	348.429 	99996.8 	0.999622 	0.00867796 	0 	0
-2.21722 	348.427 	99995.4 	0.999613 	0.012372 	0 	0
-2.20721 	348.426 	99994 	0.999603 	0.0160661 	0 	0
-2.1972 	348.425 	99992.6 	0.999593 	0.0197601 	0 	0
-2.18719 	348.423 	99991.2 	0.999583 	0.0234542 	0 	0
-2.17718 	348.422 	99989.9 	0.999573 	0.0271482 	0 	0
-2.16717 	348.42 	99988.5 	0.999563 	0.0308423 	0 	0
-2.15716 	348.419 	99987.1 	0.999553 	0.0345363 	0 	0
-2.14715 	348.409 	99977.5 	0.999485 	0.0601456 	0 	0
-2.13714 	348.38 	99947.4 	0.999269 	0.140735 	0 	0
-2.12713 	348.35 	99917.3 	0.999054 	0.221324 	0 	0
-2.11712 	348.32 	99887.2 	0.998838 	0.301914 	0 	0
-2.10711 	348.29 	99857 	0.998623 	0.382503 	0 	0
-2.0971 	348.26 	99826.9 	0.998408 	0.463092 	0 	0
-2.08709 	348.23 	99796.8 	0.998192 	0.543682 	0 	0
-2.07708 	348.2 	99766.7 	0.997977 	0.624271 	0 	0
-2.06707 	348.17 	99736.6 	0.997761 	0.70486 	0 	0
-2.05706 	348.14 	99706.4 	0.997546 	0.78545 	0 	0
-2.04705 	348.07 	99636.2 	0.997043 	0.974327 	0 	0
-2.03704 	347.904 	99470.2 	0.995852 	1.42199 	0 	0
-2.02703 	347.738 	99304.2 	0.994661 	1.86966 	0 	0
-2.01702 	347.571 	99138.2 	0.993471 	2.31733 	0 	0
-2.00701 	347.405 	98972.2 	0.99228 	2.765 	0 	0
-1.997 	347.239 	98806.1 	0.991089 	3.21266 	0 	0
-1.98699 	347.073 	98640.1 	0.989899 	3.66033 	0 	0
-1.97698 	346.907 	98474.1 	0.988708 	4.108 	0 	0
-1.96697 	346.741 	98308.1 	0.987517 	4.55566 	0 	0
-1.95696 	346.574 	98142.1 	0.986327 	5.00333 	0 	0
-1.94695 	346.347 	97917.1 	0.984708 	5.61669 	0 	0
-1.93694 	345.98 	97557.8 	0.982113 	6.60759 	0 	0
-1.92693 	345.612 	97198.5 	0.979518 	7.5985 	0 	0
-1.91692 	345.245 	96839.1 	0.976923 	8.5894 	0 	0
-1.90691 	344.877 	96479.8 	0.974328 	9.58031 	0 	0
-1.8969 	344.51 	96120.5 	0.971734 	10.5712 	0 	0
-1.88689 	344.143 	95761.2 	0.969139 	11.5621 	0 	0
-1.87688 	343.775 	95401.9 	0.966544 	12.553 	0 	0
-1.86687 	343.408 	95042.6 	0.963949 	13.5439 	0 	0
-1.85686 	343.041 	94683.2 	0.961354 	14.5348 	0 	0
-1.84685 	342.635 	94291.4 	0.958512 	15.6309 	0 	0
-1.83684 	342.146 	93828.8 	0.955132 	16.9558 	0 	0
-1.82683 	341.657 	93366.2 	0.951752 	18.2808 	0 	0
-1.81682 	341.168 	92903.6 	0.948372 	19.6057 	0 	0
-1.80681 	340.679 	92441 	0.944992 	20.9306 	0 	0
-1.7968 	340.19 	91978.4 	0.941612 	22.2555 	0 	0
-1.78679 	339.701 	91515.8 	0.938232 	23.5804 	0 	0
-1.77678 	339.212 	91053.2 	0.934852 	24.9053 	0 	0
-1.76677 	338.723 	90590.6 	0.931472 	26.2302 	0 	0
-1.75676 	338.234 	90128 	0.928092 	27.5551 	0 	0
-1.74675 	337.732 	89659.3 	0.924651 	28.9183 	0 	0
-1.73674 	337.204 	89178.1 	0.921083 	30.3609 	0 	0
-1.72673 	336.676 	88696.9 	0.917515 	31.8036 	0 	0
-1.71672 	336.147 	88215.7 	0.913947 	33.2463 	0 	0
-1.70671 	335.619 	87734.5 	0.910379 	34.6889 	0 	0
-1.6967 	335.091 	87253.4 	0.906811 	36.1316 	0 	0
-1.68669 	334.562 	86772.2 	0.903242 	37.5742 	0 	0
-1.67668 	334.034 	86291 	0.899674 	39.0169 	0 	0
-1.66667 	333.506 	85809.8 	0.896106 	40.4596 	0 	0
-1.65666 	332.977 	85328.6 	0.892538 	41.9022 	0 	0
-1.64665 	332.446 	84851.3 	0.88898 	43.3566 	0 	0
-1.63664 	331.909 	84381.6 	0.885441 	44.8343 	0 	0
-1.62663 	331.373 	83912 	0.881903 	46.3119 	0 	0
-1.61662 	330.836 	83442.3 	0.878364 	47.7896 	0 	0
-1.60661 	330.299 	82972.7 	0.874825 	49.2672 	0 	0
-1.5966 	329.763 	82503 	0.871287 	50.7449 	0 	0
-1.58659 	329.226 	82033.4 	0.867748 	52.2226 	0 	0
-1.57658 	328.689 	81563.7 	0.86421 	53.7002 	0 	0
-1.56657 	328.152 	81094.1 	0.860671 	55.1779 	0 	0
-1.55656 	327.616 	80624.4 	0.857133 	56.6555 	0 	0
-1.54655 	327.079 	80161 	0.853622 	58.1383 	0 	0
-1.53654 	326.541 	79709.4 	0.850163 	59.6307 	0 	0
-1.52653 	326.003 	79257.8 	0.846704 	61.1232 	0 	0
-1.51652 	325.466 	78806.3 	0.843246 	62.6156 	0 	0
-1.50651 	324.928 	78354.7 	0.839787 	64.108 	0 	0
-1.4965 	324.39 	77903.1 	0.836328 	65.6005 	0 	0
-1.48649 	323.853 	77451.5 	0.83287 	67.0929 	0 	0
-1.47648 	323.315 	76999.9 	0.829411 	68.5853 	0 	0
-1.46647 	322.777 	76548.4 	0.825952 	70.0777 	0 	0
-1.45646 	322.24 	76096.8 	0.822494 	71.5702 	0 	0
-1.44645 	321.702 	75651.9 	0.819067 	73.0663 	0 	0
-1.43644 	321.166 	75219.4 	0.815698 	74.5691 	0 	0
-1.42643 	320.629 	74786.8 	0.812329 	76.0719 	0 	0
-1.41642 	320.092 	74354.3 	0.80896 	77.5746 	0 	0
-1.40641 	319.556 	73921.7 	0.805592 	79.0774 	0 	0
-1.3964 	319.019 	73489.1 	0.802223 	80.5802 	0 	0
-1.38639 	318.482 	73056.6 	0.798854 	82.083 	0 	0
-1.37638 	317.945 	72624 	0.795485 	83.5858 	0 	0
-1.36637 	317.409 	72191.4 	0.792116 	85.0886 	0 	0
-1.35636 	316.872 	71758.9 	0.788747 	86.5913 	0 	0
-1.34635 	316.336 	71333.2 	0.785412 	88.0974 	0 	0
-1.33634 	315.8 	70919.6 	0.782136 	89.609 	0 	0
-1.32633 	315.265 	70506 	0.778859 	91.1207 	0 	0
-1.31632 	314.729 	70092.4 	0.775583 	92.6323 	0 	0
-1.30631 	314.194 	69678.7 	0.772307 	94.144 	0 	0
-1.2963 	313.658 	69265.1 	0.76903 	95.6556 	0 	0
-1.28629 	313.123 	68851.5 	0.765754 	97.1673 	0 	0
-1.27628 	312.588 	68437.9 	0.762477 	98.6789 	0 	0
-1.26627 	312.052 	68024.2 	0.759201 	100.191 	0 	0
-1.25626 	311.517 	67610.6 	0.755925 	101.702 	0 	0
-1.24625 	310.982 	67204 	0.752683 	103.217 	0 	0
-1.23624 	310.448 	66809 	0.7495 	104.737 	0 	0
-1.22623 	309.915 	66413.9 	0.746317 	106.256 	0 	0
-1.21622 	309.381 	66018.9 	0.743133 	107.776 	0 	0
-1.20621 	308.848 	65623.9 	0.73995 	109.296 	0 	0
-1.1962 	308.314 	65228.9 	0.736767 	110.815 	0 	0
-1.18619 	307.781 	64833.9 	0.733584 	112.335 	0 	0
-1.17618 	307.247 	64438.9 	0.7304 	113.855 	0 	0
-1.16617 	306.714 	64043.8 	0.727217 	115.375 	0 	0
-1.15616 	306.18 	63648.8 	0.724034 	116.894 	0 	0
-1.14615 	305.647 	63260.8 	0.720886 	118.417 	0 	0
-1.13614 	305.116 	62883.9 	0.717795 	119.945 	0 	0
-1.12613 	304.584 	62507 	0.714705 	121.472 	0 	0
-1.11612 	304.052 	62130.1 	0.711614 	123 	0 	0
-1.10611 	303.52 	61753.2 	0.708523 	124.527 	0 	0
-1.0961 	302.989 	61376.3 	0.705433 	126.055 	0 	0
-1.08609 	302.457 	60999.3 	0.702342 	127.582 	0 	0
-1.07608 	301.925 	60622.4 	0.699251 	129.11 	0 	0
-1.06607 	301.393 	60245.5 	0.696161 	130.637 	0 	0
-1.05606 	300.862 	59868.6 	0.69307 	132.165 	0 	0
-1.04605 	300.331 	59498.6 	0.690015 	133.696 	0 	0
-1.03604 	299.801 	59139.2 	0.687015 	135.231 	0 	0
-1.02603 	299.271 	58779.7 	0.684015 	136.767 	0 	0
-1.01602 	298.741 	58420.3 	0.681015 	138.303 	0 	0
-1.00601 	298.211 	58060.9 	0.678015 	139.839 	0 	0
-0.995996 	297.682 	57701.4 	0.675015 	141.374 	0 	0
-0.985986 	297.152 	57342 	0.672015 	142.91 	0 	0
-0.975976 	296.622 	56982.5 	0.669015 	144.446 	0 	0
-0.965966 	296.092 	56623.1 	0.666015 	145.982 	0 	0
-0.955956 	295.562 	56263.7 	0.663015 	147.517 	0 	0
-0.945946 	295.033 	55911 	0.660051 	149.057 	0 	0
-0.935936 	294.505 	55568.4 	0.657139 	150.601 	0 	0
-0.925926 	293.977 	55225.7 	0.654228 	152.146 	0 	0
-0.915916 	293.449 	54883.1 	0.651316 	153.69 	0 	0
-0.905906 	292.921 	54540.5 	0.648405 	155.235 	0 	0
-0.895896 	292.392 	54197.8 	0.645493 	156.779 	0 	0
-0.885886 	291.864 	53855.2 	0.642582 	158.324 	0 	0
-0.875876 	291.336 	53512.5 	0.63967 	159.868 	0 	0
-0.865866 	290.808 	53169.9 	0.636759 	161.413 	0 	0
-0.855856 	290.28 	52827.2 	0.633847 	162.957 	0 	0
-0.845846 	289.752 	52491.3 	0.630971 	164.506 	0 	0
-0.835836 	289.226 	52164.7 	0.628145 	166.06 	0 	0
-0.825826 	288.699 	51838.1 	0.62532 	167.615 	0 	0
-0.815816 	288.173 	51511.6 	0.622494 	169.169 	0 	0
-0.805806 	287.646 	51185 	0.619668 	170.723 	0 	0
-0.795796 	287.119 	50858.4 	0.616842 	172.278 	0 	0
-0.785786 	286.593 	50531.9 	0.614016 	173.832 	0 	0
-0.775776 	286.066 	50205.3 	0.611191 	175.387 	0 	0
-0.765766 	285.539 	49878.7 	0.608365 	176.941 	0 	0
-0.755756 	285.013 	49552.2 	0.605539 	178.495 	0 	0
-0.745746 	284.487 	49232.2 	0.602748 	180.054 	0 	0
-0.735736 	283.961 	48921.1 	0.600006 	181.619 	0 	0
-0.725726 	283.436 	48610 	0.597264 	183.184 	0 	0
-0.715716 	282.911 	48298.8 	0.594521 	184.749 	0 	0
-0.705706 	282.385 	47987.7 	0.591779 	186.314 	0 	0
-0.695696 	281.86 	47676.6 	0.589036 	187.879 	0 	0
-0.685686 	281.335 	47365.5 	0.586294 	189.445 	0 	0
-0.675676 	280.809 	47054.4 	0.583551 	191.01 	0 	0
-0.665666 	280.284 	46743.3 	0.580809 	192.575 	0 	0
-0.655656 	279.759 	46432.2 	0.578066 	194.14 	0 	0
-0.645646 	279.234 	46127.6 	0.57536 	195.709 	0 	0
-0.635636 	278.71 	45831.4 	0.5727 	197.285 	0 	0
-0.625626 	278.186 	45535.3 	0.57004 	198.861 	0 	0
-0.615616 	277.662 	45239.1 	0.56738 	200.437 	0 	0
-0.605606 	277.138 	44942.9 	0.56472 	202.013 	0 	0
-0.595596 	276.614 	44646.8 	0.56206 	203.588 	0 	0
-0.585586 	276.091 	44350.6 	0.5594 	205.164 	0 	0
-0.575576 	275.567 	44054.5 	0.55674 	206.74 	0 	0
-0.565566 	275.043 	43758.3 	0.55408 	208.316 	0 	0
-0.555556 	274.519 	43462.2 	0.55142 	209.891 	0 	0
-0.545546 	273.996 	43172.6 	0.548798 	211.471 	0 	0
-0.535536 	273.474 	42891.3 	0.546222 	213.056 	0 	0
-0.525526 	272.952 	42610 	0.543647 	214.642 	0 	0
-0.515516 	272.43 	42328.6 	0.541071 	216.227 	0 	0
-0.505506 	271.908 	42047.3 	0.538496 	217.812 	0 	0
-0.495495 	271.386 	41766 	0.53592 	219.397 	0 	0
-0.485485 	270.864 	41484.7 	0.533344 	220.982 	0 	0
-0.475475 	270.342 	41203.4 	0.530769 	222.567 	0 	0
-0.465465 	269.82 	40922 	0.528193 	224.152 	0 	0
-0.455455 	269.298 	40640.7 	0.525618 	225.737 	0 	0
-0.445445 	268.778 	40366.3 	0.523084 	227.324 	0 	0
-0.435435 	268.26 	40100.2 	0.5206 	228.912 	0 	0
-0.425425 	267.742 	39834 	0.518115 	230.5 	0 	0
-0.415415 	267.224 	39567.9 	0.515631 	232.089 	0 	0
-0.405405 	266.706 	39301.7 	0.513147 	233.677 	0 	0
-0.395395 	266.188 	39035.6 	0.510663 	235.266 	0 	0
-0.385385 	265.67 	38769.4 	0.508179 	236.854 	0 	0
-0.375375 	265.152 	38503.3 	0.505694 	238.442 	0 	0
-0.365365 	264.634 	38237.1 	0.50321 	240.031 	0 	0
-0.355355 	264.116 	37971 	0.500726 	241.619 	0 	0
-0.345345 	263.603 	37712.8 	0.498295 	243.202 	0 	0
-0.335335 	263.094 	37463.9 	0.495924 	244.78 	0 	0
-0.325325 	262.586 	37214.9 	0.493554 	246.357 	0 	0
-0.315315 	262.078 	36966 	0.491184 	247.934 	0 	0
-0.305305 	261.57 	36717 	0.488813 	249.511 	0 	0
-0.295295 	261.062 	36468 	0.486443 	251.088 	0 	0
-0.285285 	260.553 	36219.1 	0.484073 	252.665 	0 	0
-0.275275 	260.045 	35970.1 	0.481702 	254.243 	0 	0
-0.265265 	259.537 	35721.2 	0.479332 	255.82 	0 	0
-0.255255 	259.029 	35472.2 	0.476961 	257.397 	0 	0
-0.245245 	258.532 	35233.7 	0.47467 	258.946 	0 	0
-0.235235 	258.047 	35006.8 	0.472465 	260.465 	0 	0
-0.225225 	257.562 	34779.8 	0.470261 	261.983 	0 	0
-0.215215 	257.077 	34552.9 	0.468056 	263.502 	0 	0
-0.205205 	256.592 	34325.9 	0.465851 	265.02 	0 	0
-0.195195 	256.107 	34099 	0.463647 	266.538 	0 	0
-0.185185 	255.622 	33872 	0.461442 	268.057 	0 	0
-0.175175 	255.137 	33645.1 	0.459238 	269.575 	0 	0
-0.165165 	254.652 	33418.1 	0.457033 	271.094 	0 	0
-0.155155 	254.167 	33191.2 	0.454828 	272.612 	0 	0
-0.145145 	253.71 	32983.6 	0.452804 	274.04 	0 	0
-0.135135 	253.283 	32796.7 	0.450972 	275.372 	0 	0
-0.125125 	252.856 	32609.7 	0.44914 	276.704 	0 	0
-0.115115 	252.428 	32422.7 	0.447307 	278.036 	0 	0
-0.105105 	252.001 	32235.8 	0.445475 	279.369 	0 	0
-0.0950951 	251.574 	32048.8 	0.443643 	280.701 	0 	0
-0.0850851 	251.147 	31861.8 	0.44181 	282.033 	0 	0
-0.0750751 	250.72 	31674.9 	0.439978 	283.365 	0 	0
-0.0650651 	250.293 	31487.9 	0.438146 	284.697 	0 	0
-0.0550551 	249.866 	31300.9 	0.436313 	286.029 	0 	0
-0.045045 	249.528 	31150.7 	0.434816 	287.113 	0 	0
-0.035035 	249.281 	31037.8 	0.433661 	287.943 	0 	0
-0.025025 	249.035 	30925 	0.432506 	288.773 	0 	0
-0.015015 	248.788 	30812.2 	0.431351 	289.603 	0 	0
-0.00500501 	248.542 	30699.4 	0.430196 	290.433 	0 	0
0.00500501 	248.295 	30586.6 	0.42904 	291.264 	0 	0
0.015015 	248.049 	30473.8 	0.427885 	292.094 	0 	0
0.025025 	247.802 	30361 	0.42673 	292.924 	0 	0
0.035035 	247.556 	30248.2 	0.425575 	293.754 	0 	0
0.045045 	247.309 	30135.3 	0.42442 	294.584 	0 	0
0.0550551 	247.167 	30071.2 	0.423765 	295.059 	0 	0
0.0650651 	247.129 	30054.8 	0.4236 	295.185 	0 	0
0.0750751 	247.09 	30038.5 	0.423435 	295.311 	0 	0
0.0850851 	247.051 	30022.1 	0.42327 	295.437 	0 	0
0.0950951 	247.012 	30005.7 	0.423105 	295.563 	0 	0
0.105105 	246.974 	29989.3 	0.42294 	295.689 	0 	0
0.115115 	246.935 	29972.9 	0.422776 	295.815 	0 	0
0.125125 	246.896 	29956.5 	0.422611 	295.942 	0 	0
0.135135 	246.858 	29940.1 	0.422446 	296.068 	0 	0
0.145145 	246.819 	29923.7 	0.422281 	296.194 	0 	0
0.155155 	246.858 	29941.9 	0.422468 	296.061 	0 	0
0.165165 	246.972 	29992.4 	0.422986 	295.683 	0 	0
0.175175 	247.085 	30043 	0.423504 	295.306 	0 	0
0.185185 	247.198 	30093.6 	0.424021 	294.929 	0 	0
0.195195 	247.311 	30144.2 	0.424539 	294.551 	0 	0
0.205205 	247.424 	30194.8 	0.425057 	294.174 	0 	0
0.215215 	247.538 	30245.4 	0.425575 	293.796 	0 	0
0.225225 	247.651 	30296 	0.426093 	293.419 	0 	0
0.235235 	247.764 	30346.6 	0.426611 	293.042 	0 	0
0.245245 	247.877 	30397.2 	0.427129 	292.664 	0 	0
0.255255 	247.922 	30418.3 	0.427351 	292.507 	0 	0
0.265265 	247.904 	30412.8 	0.427304 	292.548 	0 	0
0.275275 	247.886 	30407.3 	0.427257 	292.589 	0 	0
0.285285 	247.868 	30401.8 	0.427211 	292.63 	0 	0
0.295295 	247.85 	30396.3 	0.427164 	292.672 	0 	0
0.305305 	247.833 	30390.8 	0.427117 	292.713 	0 	0
0.315315 	247.815 	30385.3 	0.427071 	292.754 	0 	0
0.325325 	247.797 	30379.8 	0.427024 	292.795 	0 	0
0.335335 	247.779 	30374.4 	0.426977 	292.837 	0 	0
0.345345 	247.761 	30368.9 	0.426931 	292.878 	0 	0
0.355355 	247.738 	30363.3 	0.426892 	292.919 	0 	0
0.365365 	247.711 	30357.7 	0.426861 	292.959 	0 	0
0.375375 	247.684 	30352.1 	0.426829 	292.999 	0 	0
0.385385 	247.657 	30346.6 	0.426798 	293.04 	0 	0
0.395395 	247.63 	30341 	0.426766 	293.08 	0 	0
0.405405 	247.602 	30335.4 	0.426734 	293.12 	0 	0
0.415415 	247.575 	30329.8 	0.426703 	293.161 	0 	0
0.425425 	247.548 	30324.2 	0.426671 	293.201 	0 	0
0.435435 	247.521 	30318.6 	0.42664 	293.241 	0 	0
0.445445 	247.493 	30313 	0.426608 	293.282 	0 	0
0.455455 	247.469 	30309.9 	0.426607 	293.305 	0 	0
0.465465 	247.446 	30308.8 	0.42663 	293.315 	0 	0
0.475475 	247.423 	30307.6 	0.426654 	293.324 	0 	0
0.485485 	247.4 	30306.5 	0.426677 	293.333 	0 	0
0.495495 	247.378 	30305.4 	0.4267 	293.343 	0 	0
0.505506 	247.355 	30304.2 	0.426724 	293.352 	0 	0
0.515516 	247.332 	30303.1 	0.426747 	293.362 	0 	0
0.525526 	247.31 	30302 	0.426771 	293.371 	0 	0
0.535536 	247.287 	30300.8 	0.426794 	293.38 	0 	0
0.545546 	247.264 	30299.7 	0.426818 	293.39 	0 	0
0.555556 	247.247 	30298.2 	0.426826 	293.397 	0 	0
0.565566 	247.234 	30296.4 	0.426822 	293.403 	0 	0
0.575576 	247.222 	30294.5 	0.426818 	293.409 	0 	0
0.585586 	247.209 	30292.7 	0.426814 	293.414 	0 	0
0.595596 	247.197 	30290.9 	0.42681 	293.42 	0 	0
0.605606 	247.184 	30289.1 	0.426806 	293.426 	0 	0
0.615616 	247.171 	30287.3 	0.426802 	293.431 	0 	0
0.625626 	247.159 	30285.4 	0.426798 	293.437 	0 	0
0.635636 	247.146 	30283.6 	0.426794 	293.443 	0 	0
0.645646 	247.133 	30281.8 	0.42679 	293.449 	0 	0
0.655656 	247.129 	30280 	0.426772 	293.459 	0 	0
0.665666 	247.131 	30278.2 	0.426743 	293.473 	0 	0
0.675676 	247.133 	30276.4 	0.426714 	293.487 	0 	0
0.685686 	247.135 	30274.6 	0.426686 	293.501 	0 	0
0.695696 	247.137 	30272.8 	0.426657 	293.515 	0 	0
0.705706 	247.139 	30271 	0.426628 	293.529 	0 	0
0.715716 	247.141 	30269.2 	0.426599 	293.543 	0 	0
0.725726 	247.143 	30267.4 	0.426571 	293.557 	0 	0
0.735736 	247.145 	30265.6 	0.426542 	293.571 	0 	0
0.745746 	247.147 	30263.8 	0.426513 	293.585 	0 	0
0.755756 	247.162 	30262.3 	0.426467 	293.597 	0 	0
0.765766 	247.186 	30261 	0.426407 	293.606 	0 	0
0.775776 	247.211 	30259.8 	0.426347 	293.616 	0 	0
0.785786 	247.235 	30258.6 	0.426288 	293.626 	0 	0
0.795796 	247.26 	30257.3 	0.426228 	293.636 	0 	0
0.805806 	247.284 	30256.1 	0.426168 	293.646 	0 	0
0.815816 	247.309 	30254.8 	0.426109 	293.655 	0 	0
0.825826 	247.333 	30253.6 	0.426049 	293.665 	0 	0
0.835836 	247.357 	30252.4 	0.425989 	293.675 	0 	0
0.845846 	247.382 	30251.1 	0.42593 	293.685 	0 	0
0.855856 	247.44 	30251.1 	0.425829 	293.686 	0 	0
0.865866 	247.522 	30251.9 	0.4257 	293.68 	0 	0
0.875876 	247.604 	30252.7 	0.425571 	293.674 	0 	0
0.885886 	247.686 	30253.6 	0.425442 	293.668 	0 	0
0.895896 	247.768 	30254.4 	0.425313 	293.662 	0 	0
0.905906 	247.85 	30255.2 	0.425184 	293.657 	0 	0
0.915916 	247.932 	30256.1 	0.425055 	293.651 	0 	0
0.925926 	248.014 	30256.9 	0.424926 	293.645 	0 	0
0.935936 	248.096 	30257.7 	0.424796 	293.639 	0 	0
0.945946 	248.178 	30258.6 	0.424667 	293.633 	0 	0
0.955956 	248.328 	30259.4 	0.424424 	293.627 	0 	0
0.965966 	248.524 	30260.3 	0.424104 	293.621 	0 	0
0.975976 	248.72 	30261.2 	0.423784 	293.614 	0 	0
0.985986 	248.916 	30262.1 	0.423463 	293.608 	0 	0
0.995996 	249.112 	30263 	0.423143 	293.602 	0 	0
1.00601 	249.308 	30263.9 	0.422823 	293.595 	0 	0
1.01602 	249.504 	30264.8 	0.422502 	293.589 	0 	0
1.02603 	249.7 	30265.7 	0.422182 	293.582 	0 	0
1.03604 	249.896 	30266.6 	0.421862 	293.576 	0 	0
1.04605 	250.093 	30267.5 	0.421542 	293.57 	0 	0
1.05606 	250.432 	30267.9 	0.420981 	293.567 	0 	0
1.06607 	250.866 	30268 	0.420264 	293.567 	0 	0
1.07608 	251.3 	30268.1 	0.419547 	293.567 	0 	0
1.08609 	251.733 	30268.1 	0.418829 	293.567 	0 	0
1.0961 	252.167 	30268.2 	0.418112 	293.567 	0 	0
1.10611 	252.601 	30268.2 	0.417395 	293.567 	0 	0
1.11612 	253.034 	30268.3 	0.416678 	293.567 	0 	0
1.12613 	253.468 	30268.4 	0.415961 	293.567 	0 	0
1.13614 	253.901 	30268.4 	0.415243 	293.567 	0 	0
1.14615 	254.335 	30268.5 	0.414526 	293.567 	0 	0
1.15616 	255.059 	30268.6 	0.413377 	293.569 	0 	0
1.16617 	255.964 	30268.9 	0.411957 	293.571 	0 	0
1.17618 	256.87 	30269.1 	0.410537 	293.574 	0 	0
1.18619 	257.775 	30269.3 	0.409117 	293.576 	0 	0
1.1962 	258.681 	30269.6 	0.407697 	293.579 	0 	0
1.20621 	259.586 	30269.8 	0.406277 	293.581 	0 	0
1.21622 	260.492 	30270 	0.404857 	293.584 	0 	0
1.22623 	261.397 	30270.3 	0.403437 	293.586 	0 	0
1.23624 	262.303 	30270.5 	0.402017 	293.589 	0 	0
1.24625 	263.208 	30270.7 	0.400597 	293.591 	0 	0
1.25626 	264.614 	30271.9 	0.398557 	293.596 	0 	0
1.26627 	266.32 	30273.5 	0.396146 	293.604 	0 	0
1.27628 	268.025 	30275.2 	0.393735 	293.611 	0 	0
1.28629 	269.731 	30276.9 	0.391324 	293.618 	0 	0
1.2963 	271.436 	30278.6 	0.388913 	293.625 	0 	0
1.30631 	273.142 	30280.3 	0.386502 	293.632 	0 	0
1.31632 	274.848 	30282 	0.384091 	293.639 	0 	0
1.32633 	276.553 	30283.7 	0.38168 	293.646 	0 	0
1.33634 	278.259 	30285.4 	0.379269 	293.653 	0 	0
1.34635 	279.964 	30287.1 	0.376858 	293.66 	0 	0
1.35636 	282.33 	30290 	0.373876 	293.676 	0 	0
1.36637 	285.075 	30293.5 	0.370566 	293.696 	0 	0
1.37638 	287.82 	30297.1 	0.367255 	293.716 	0 	0
1.38639 	290.565 	30300.7 	0.363945 	293.736 	0 	0
1.3964 	293.31 	30304.3 	0.360635 	293.756 	0 	0
1.40641 	296.055 	30307.8 	0.357324 	293.776 	0 	0
1.41642 	298.8 	30311.4 	0.354014 	293.796 	0 	0
1.42643 	301.545 	30315 	0.350704 	293.817 	0 	0
1.43644 	304.29 	30318.6 	0.347393 	293.837 	0 	0
1.44645 	307.036 	30322.1 	0.344083 	293.857 	0 	0
1.45646 	310.273 	30323.1 	0.340643 	293.86 	0 	0
1.46647 	313.782 	30322.7 	0.337132 	293.853 	0 	0
1.47648 	317.291 	30322.3 	0.33362 	293.847 	0 	0
1.48649 	320.8 	30321.9 	0.330109 	293.84 	0 	0
1.4965 	324.308 	30321.4 	0.326597 	293.834 	0 	0
1.50651 	327.817 	30321 	0.323086 	293.827 	0 	0
1.51652 	331.326 	30320.6 	0.319574 	293.821 	0 	0
1.52653 	334.835 	30320.2 	0.316062 	293.814 	0 	0
1.53654 	338.344 	30319.8 	0.312551 	293.808 	0 	0
1.54655 	341.852 	30319.3 	0.309039 	293.801 	0 	0
1.55656 	345.169 	30311.1 	0.306026 	293.731 	0 	0
1.56657 	348.383 	30298.9 	0.303274 	293.628 	0 	0
1.57658 	351.598 	30286.6 	0.300522 	293.524 	0 	0
1.58659 	354.812 	30274.3 	0.297771 	293.42 	0 	0
1.5966 	358.027 	30262 	0.295019 	293.317 	0 	0
1.60661 	361.241 	30249.7 	0.292267 	293.213 	0 	0
1.61662 	364.456 	30237.4 	0.289516 	293.11 	0 	0
1.62663 	367.67 	30225.1 	0.286764 	293.006 	0 	0
1.63664 	370.885 	30212.8 	0.284012 	292.902 	0 	0
1.64665 	374.099 	30200.5 	0.281261 	292.799 	0 	0
1.65666 	376.481 	30206.8 	0.279505 	292.861 	0 	0
1.66667 	378.443 	30222.5 	0.27825 	293.007 	0 	0
1.67668 	380.405 	30238.3 	0.276995 	293.152 	0 	0
1.68669 	382.368 	30254 	0.27574 	293.298 	0 	0
1.6967 	384.33 	30269.7 	0.274485 	293.444 	0 	0
1.70671 	386.292 	30285.4 	0.27323 	293.59 	0 	0
1.71672 	388.254 	30301.1 	0.271975 	293.735 	0 	0
1.72673 	390.217 	30316.8 	0.270721 	293.881 	0 	0
1.73674 	392.179 	30332.5 	0.269466 	294.027 	0 	0
1.74675 	394.141 	30348.2 	0.268211 	294.173 	0 	0
1.75676 	395.184 	30360.8 	0.267597 	294.289 	0 	0
1.76677 	395.784 	30371.9 	0.267293 	294.39 	0 	0
1.77678 	396.385 	30382.9 	0.266988 	294.492 	0 	0
1.78679 	396.985 	30394 	0.266683 	294.593 	0 	0
1.7968 	397.585 	30405.1 	0.266379 	294.695 	0 	0
1.80681 	398.185 	30416.2 	0.266074 	294.797 	0 	0
1.81682 	398.785 	30427.3 	0.265769 	294.898 	0 	0
1.82683 	399.386 	30438.3 	0.265464 	295 	0 	0
1.83684 	399.986 	30449.4 	0.26516 	295.101 	0 	0
1.84685 	400.586 	30460.5 	0.264855 	295.203 	0 	0
1.85686 	400.799 	30456.7 	0.26468 	295.157 	0 	0
1.86687 	400.833 	30446 	0.264565 	295.043 	0 	0
1.87688 	400.867 	30435.3 	0.264449 	294.93 	0 	0
1.88689 	400.902 	30424.7 	0.264334 	294.816 	0 	0
1.8969 	400.936 	30414 	0.264218 	294.702 	0 	0
1.90691 	400.971 	30403.3 	0.264103 	294.589 	0 	0
1.91692 	401.005 	30392.7 	0.263987 	294.475 	0 	0
1.92693 	401.04 	30382 	0.263872 	294.361 	0 	0
1.93694 	401.074 	30371.3 	0.263757 	294.247 	0 	0
1.94695 	401.108 	30360.7 	0.263641 	294.134 	0 	0
1.95696 	401.086 	30348 	0.263546 	294.009 	0 	0
1.96697 	401.038 	30334.6 	0.263461 	293.88 	0 	0
1.97698 	400.99 	30321.1 	0.263375 	293.75 	0 	0
1.98699 	400.943 	30307.7 	0.263289 	293.621 	0 	0
1.997 	400.895 	30294.2 	0.263204 	293.492 	0 	0
2.00701 	400.847 	30280.7 	0.263118 	293.362 	0 	0
2.01702 	400.799 	30267.3 	0.263032 	293.233 	0 	0
2.02703 	400.752 	30253.8 	0.262947 	293.104 	0 	0
2.03704 	400.704 	30240.3 	0.262861 	292.974 	0 	0
2.04705 	400.656 	30226.9 	0.262775 	292.845 	0 	0
2.05706 	400.595 	30218.3 	0.262741 	292.761 	0 	0
2.06707 	400.529 	30211.8 	0.262727 	292.695 	0 	0
2.07708 	400.463 	30205.2 	0.262714 	292.629 	0 	0
2.08709 	400.397 	30198.7 	0.262701 	292.563 	0 	0
2.0971 	400.331 	30192.2 	0.262687 	292.498 	0 	0
2.10711 	400.265 	30185.7 	0.262674 	292.432 	0 	0
2.11712 	400.198 	30179.1 	0.262661 	292.366 	0 	0
2.12713 	400.132 	30172.6 	0.262647 	292.3 	0 	0
2.13714 	400.066 	30166.1 	0.262634 	292.235 	0 	0
2.14715 	400 	30159.6 	0.262621 	292.169 	0 	0
2.15716 	399.945 	30156.8 	0.262633 	292.138 	0 	0
2.16717 	399.895 	30155.5 	0.262654 	292.121 	0 	0
2.17718 	399.845 	30154.2 	0.262676 	292.104 	0 	0
2.18719 	399.794 	30152.9 	0.262698 	292.086 	0 	0
2.1972 	399.744 	30151.6 	0.262719 	292.069 	0 	0
2.20721 	399.694 	30150.3 	0.262741 	292.052 	0 	0
2.21722 	399.644 	30149 	0.262763 	292.035 	0 	0
2.22723 	399.593 	30147.7 	0.262785 	292.018 	0 	0
2.23724 	399.543 	30146.4 	0.262806 	292.001 	0 	0
2.24725 	399.493 	30145.1 	0.262828 	291.984 	0 	0
2.25726 	399.453 	30147.3 	0.262874 	292.002 	0 	0
2.26727 	399.416 	30151 	0.26293 	292.033 	0 	0
2.27728 	399.38 	30154.6 	0.262985 	292.064 	0 	0
2.28729 	399.344 	30158.2 	0.263041 	292.095 	0 	0
2.2973 	399.307 	30161.8 	0.263096 	292.126 	0 	0
2.30731 	399.271 	30165.4 	0.263151 	292.157 	0 	0
2.31732 	399.235 	30169.1 	0.263207 	292.188 	0 	0
2.32733 	399.198 	30172.7 	0.263262 	292.219 	0 	0
2.33734 	399.162 	30176.3 	0.263318 	292.251 	0 	0
2.34735 	399.126 	30179.9 	0.263373 	292.282 	0 	0
2.35736 	399.091 	30184.3 	0.263434 	292.323 	0 	0
2.36737 	399.058 	30188.8 	0.263496 	292.368 	0 	0
2.37738 	399.025 	30193.4 	0.263558 	292.413 	0 	0
2.38739 	398.991 	30198 	0.26362 	292.459 	0 	0
2.3974 	398.958 	30202.6 	0.263682 	292.504 	0 	0
2.40741 	398.924 	30207.1 	0.263744 	292.549 	0 	0
2.41742 	398.891 	30211.7 	0.263806 	292.594 	0 	0
2.42743 	398.857 	30216.3 	0.263868 	292.639 	0 	0
2.43744 	398.824 	30220.9 	0.26393 	292.684 	0 	0
2.44745 	398.791 	30225.4 	0.263992 	292.729 	0 	0
2.45746 	398.72 	30221.2 	0.264002 	292.685 	0 	0
2.46747 	398.637 	30214 	0.263994 	292.609 	0 	0
2.47748 	398.554 	30206.7 	0.263985 	292.534 	0 	0
2.48749 	398.471 	30199.5 	0.263977 	292.459 	0 	0
2.4975 	398.388 	30192.3 	0.263969 	292.383 	0 	0
2.50751 	398.305 	30185 	0.263961 	292.308 	0 	0
2.51752 	398.222 	30177.8 	0.263953 	292.233 	0 	0
2.52753 	398.139 	30170.5 	0.263944 	292.157 	0 	0
2.53754 	398.056 	30163.3 	0.263936 	292.082 	0 	0
2.54755 	397.973 	30156.1 	0.263928 	292.006 	0 	0
2.55756 	397.667 	30091.8 	0.263565 	291.399 	0 	0
2.56757 	397.288 	30009 	0.263087 	290.619 	0 	0
2.57758 	396.909 	29926.2 	0.262609 	289.839 	0 	0
2.58759 	396.53 	29843.3 	0.26213 	289.059 	0 	0
2.5976 	396.151 	29760.5 	0.261652 	288.279 	0 	0
2.60761 	395.773 	29677.7 	0.261174 	287.499 	0 	0
2.61762 	395.394 	29594.9 	0.260696 	286.719 	0 	0
2.62763 	395.015 	29512.1 	0.260218 	285.939 	0 	0
2.63764 	394.636 	29429.3 	0.25974 	285.159 	0 	0
2.64765 	394.257 	29346.5 	0.259261 	284.379 	0 	0
2.65766 	392.531 	28936.3 	0.256636 	280.193 	0 	0
2.66767 	390.392 	28425.6 	0.253352 	274.961 	0 	0
2.67768 	388.252 	27914.9 	0.250067 	269.729 	0 	0
2.68769 	386.113 	27404.1 	0.246783 	264.497 	0 	0
2.6977 	383.973 	26893.4 	0.243498 	259.264 	0 	0
2.70771 	381.834 	26382.7 	0.240214 	254.032 	0 	0
2.71772 	379.694 	25872 	0.236929 	248.8 	0 	0
2.72773 	377.554 	25361.3 	0.233645 	243.568 	0 	0
2.73774 	375.415 	24850.5 	0.23036 	238.335 	0 	0
2.74775 	373.275 	24339.8 	0.227076 	233.103 	0 	0
2.75776 	368.208 	23423.5 	0.220747 	220.348 	0 	0
2.76777 	362.291 	22389.3 	0.213534 	205.408 	0 	0
2.77778 	356.374 	21355.2 	0.206321 	190.469 	0 	0
2.78779 	350.457 	20321.1 	0.199107 	175.529 	0 	0
2.7978 	344.54 	19287 	0.191894 	160.59 	0 	0
2.80781 	338.623 	18252.9 	0.184681 	145.65 	0 	0
2.81782 	332.706 	17218.8 	0.177468 	130.711 	0 	0
2.82783 	326.789 	16184.7 	0.170255 	115.771 	0 	0
2.83784 	320.872 	15150.5 	0.163042 	100.832 	0 	0
2.84785 	314.955 	14116.4 	0.155829 	85.8923 	0 	0
2.85786 	311.045 	13599 	0.152061 	76.4424 	0 	0
2.86787 	307.684 	13223.1 	0.149237 	68.4959 	0 	0
2.87788 	304.324 	12847.1 	0.146414 	60.5495 	0 	0
2.88789 	300.963 	12471.2 	0.14359 	52.6031 	0 	0
2.8979 	297.603 	12095.2 	0.140766 	44.6567 	0 	0
2.90791 	294.242 	11719.3 	0.137942 	36.7103 	0 	0
2.91792 	290.882 	11343.4 	0.135118 	28.7639 	0 	0
2.92793 	287.521 	10967.4 	0.132295 	20.8174 	0 	0
2.93794 	284.16 	10591.5 	0.129471 	12.871 	0 	0
2.94795 	280.8 	10215.6 	0.126647 	4.92461 	0 	0
2.95796 	280.003 	10127.5 	0.12598 	3.0339 	0 	0
2.96797 	279.866 	10113.7 	0.125869 	2.70472 	0 	0
2.97798 	279.73 	10099.8 	0.125757 	2.37555 	0 	0
2.98799 	279.594 	10086 	0.125646 	2.04637 	0 	0
2.998 	279.457 	10072.2 	0.125535 	1.7172 	0 	0
3.00801 	279.321 	10058.3 	0.125424 	1.38803 	0 	0
3.01802 	279.185 	10044.5 	0.125313 	1.05885 	0 	0
3.02803 	279.048 	10030.7 	0.125202 	0.729678 	0 	0
3.03804 	278.912 	10016.8 	0.125091 	0.400504 	0 	0
3.04805 	278.776 	10003 	0.12498 	0.0713303 	0 	0
3.05806 	278.749 	10000.3 	0.124958 	0.00656595 	0 	0
3.06807 	278.748 	10000.2 	0.124957 	0.00585115 	0 	0
3.07808 	278.748 	10000.2 	0.124957 	0.00513635 	0 	0
3.08809 	278.748 	10000.2 	0.124957 	0.00442155 	0 	0
3.0981 	278.748 	10000.2 	0.124957 	0.00370676 	0 	0
3.10811 	278.747 	10000.1 	0.124956 	0.00299196 	0 	0
3.11812 	278.747 	10000.1 	0.124956 	0.00227716 	0 	0
3.12813 	278.747 	10000.1 	0.124956 	0.00156236 	0 	0
3.13814 	278.746 	10000 	0.124955 	0.000847566 	0 	0
3.14815 	278.746 	10000 	0.124955 	0.000132768 	0 	0
3.15816 	278.746 	10000 	0.124955 	4.87387e-07 	0 	0
3.16817 	278.746 	10000 	0.124955 	4.34267e-07 	0 	0
3.17818 	278.746 	10000 	0.124955 	3.81147e-07 	0 	0
3.18819 	278.746 	10000 	0.124955 	3.28026e-07 	0 	0
3.1982 	278.746 	10000 	0.124955 	2.74906e-07 	0 	0
3.20821 	278.746 	10000 	0.124955 	2.21786e-07 	0 	0
3.21822 	278.746 	10000 	0.124955 	1.68666e-07 	0 	0
3.22823 	278.746 	10000 	0.124955 	1.15545e-07 	0 	0
3.23824 	278.746 	10000 	0.124955 	6.2425e-08 	0 	0
3.24825 	278.746 	10000 	0.124955 	9.30479e-09 	0 	0
3.25826 	278.746 	10000 	0.124955 	8.03891e-12 	0 	0
3.26827 	278.746 	10000 	0.124955 	7.17447e-12 	0 	0
3.27828 	278.746 	10000 	0.124955 	6.31003e-12 	0 	0
3.28829 	278.746 	10000 	0.124955 	5.44559e-12 	0 	0
3.2983 	278.746 	10000 	0.124955 	4.58115e-12 	0 	0
3.30831 	278.746 	10000 	0.124955 	3.71671e-12 	0 	0
3.31832 	278.746 	10000 	0.124955 	2.85227e-12 	0 	0
3.32833 	278.746 	10000 	0.124955 	1.98783e-12 	0 	0
3.33834 	278.746 	10000 	0.124955 	1.12339e-12 	0 	0
3.34835 	278.746 	10000 	0.124955 	2.58946e-13 	0 	0
3.35836 	278.746 	10000 	0.124955 	1.12751e-13 	0 	0
3.36837 	278.746 	10000 	0.124955 	1.08485e-13 	0 	0
3.37838 	278.746 	10000 	0.124955 	1.04219e-13 	0 	0
3.38839 	278.746 	10000 	0.124955 	9.99526e-14 	0 	0
3.3984 	278.746 	10000 	0.124955 	9.56865e-14 	0 	0
3.40841 	278.746 	10000 	0.124955 	9.14204e-14 	0 	0
3.41842 	278.746 	10000 	0.124955 	8.71543e-14 	0 	0
3.42843 	278.746 	10000 	0.124955 	8.28882e-14 	0 	0
3.43844 	278.746 	10000 	0.124955 	7.86221e-14 	0 	0
3.44845 	278.746 	10000 	0.124955 	7.4356e-14 	0 	0
3.45846 	278.746 	10000 	0.124955 	7.05302e-14 	0 	0
3.46847 	278.746 	10000 	0.124955 	6.67851e-14 	0 	0
3.47848 	278.746 	10000 	0.124955 	6.30399e-14 	0 	0
3.48849 	278.746 	10000 	0.124955 	5.92948e-14 	0 	0
3.4985 	278.746 	10000 	0.124955 	5.55497e-14 	0 	0
3.50851 	278.746 	10000 	0.124955 	5.18046e-14 	0 	0
3.51852 	278.746 	10000 	0.124955 	4.80595e-14 	0 	0
3.52853 	278.746 	10000 	0.124955 	4.43144e-14 	0 	0
3.53854 	278.746 	10000 	0.124955 	4.05693e-14 	0 	0
3.54855 	278.746 	10000 	0.124955 	3.68241e-14 	0 	0
3.55856 	278.746 	10000 	0.124955 	4.20961e-14 	0 	0
3.56857 	278.746 	10000 	0.124955 	4.88973e-14 	0 	0
3.57858 	278.746 	10000 	0.124955 	5.56985e-14 	0 	0
3.58859 	278.746 	10000 	0.124955 	6.24997e-14 	0 	0
3.5986 	278.746 	10000 	0.124955 	6.93009e-14 	0 	0
3.60861 	278.746 	10000 	0.124955 	7.61021e-14 	0 	0
3.61862 	278.746 	10000 	0.124955 	8.29033e-14 	0 	0
3.62863 	278.746 	10000 	0.124955 	8.97045e-14 	0 	0
3.63864 	278.746 	10000 	0.124955 	9.65056e-14 	0 	0
3.64865 	278.746 	10000 	0.124955 	1.03307e-13 	0 	0
3.65866 	278.746 	10000 	0.124955 	8.46368e-14 	0 	0
3.66867 	278.746 	10000 	0.124955 	6.19914e-14 	0 	0
3.67868 	278.746 	10000 	0.124955 	3.93461e-14 	0 	0
3.68869 	278.746 	10000 	0.124955 	1.67007e-14 	0 	0
3.6987 	278.746 	10000 	0.124955 	-5.94461e-15 	0 	0
3.70871 	278.746 	10000 	0.124955 	-2.859e-14 	0 	0
3.71872 	278.746 	10000 	0.124955 	-5.12353e-14 	0 	0
3.72873 	278.746 	10000 	0.124955 	-7.38806e-14 	0 	0
3.73874 	278.746 	10000 	0.124955 	-9.6526e-14 	0 	0
3.74875 	278.746 	10000 	0.124955 	-1.19171e-13 	0 	0
3.75876 	278.746 	10000 	0.124955 	-1.45552e-13 	0 	0
3.76877 	278.746 	10000 	0.124955 	-1.72467e-13 	0 	0
3.77878 	278.746 	10000 	0.124955 	-1.99381e-13 	0 	0
3.78879 	278.746 	10000 	0.124955 	-2.26296e-13 	0 	0
3.7988 	278.746 	10000 	0.124955 	-2.5321e-13 	0 	0
3.80881 	278.746 	10000 	0.124955 	-2.80125e-13 	0 	0
3.81882 	278.746 	10000 	0.124955 	-3.07039e-13 	0 	0
3.82883 	278.746 	10000 	0.124955 	-3.33954e-13 	0 	0
3.83884 	278.746 	10000 	0.124955 	-3.60868e-13 	0 	0
3.84885 	278.746 	10000 	0.124955 	-3.87783e-13 	0 	0
3.85886 	278.746 	10000 	0.124955 	-3.60333e-13 	0 	0
3.86887 	278.746 	10000 	0.124955 	-3.25819e-13 	0 	0
3.87888 	278.746 	10000 	0.124955 	-2.91305e-13 	0 	0
3.88889 	278.746 	10000 	0.124955 	-2.56791e-13 	0 	0
3.8989 	278.746 	10000 	0.124955 	-2.22277e-13 	0 	0
3.90891 	278.746 	10000 	0.124955 	-1.87763e-13 	0 	0
3.91892 	278.746 	10000 	0.124955 	-1.53249e-13 	0 	0
3.92893 	278.746 	10000 	0.124955 	-1.18735e-13 	0 	0
3.93894 	278.746 	10000 	0.124955 	-8.42213e-14 	0 	0
3.94895 	278.746 	10000 	0.124955 	-4.97073e-14 	0 	0
3.95896 	278.746 	10000 	0.124955 	-2.30467e-14 	0 	0
3.96897 	278.746 	10000 	0.124955 	2.69262e-15 	0 	0
3.97898 	278.746 	10000 	0.124955 	2.84319e-14 	0 	0
3.98899 	278.746 	10000 	0.124955 	5.41712e-14 	0 	0
3.999 	278.746 	10000 	0.124955 	7.99104e-14 	0 	0
4.00901 	278.746 	10000 	0.124955 	1.0565e-13 	0 	0
4.01902 	278.746 	10000 	0.124955 	1.31389e-13 	0 	0
4.02903 	278.746 	10000 	0.124955 	1.57128e-13 	0 	0
4.03904 	278.746 	10000 	0.124955 	1.82868e-13 	0 	0
4.04905 	278.746 	10000 	0.124955 	2.08607e-13 	0 	0
4.05906 	278.746 	10000 	0.124955 	2.0679e-13 	0 	0
4.06907 	278.746 	10000 	0.124955 	2.02081e-13 	0 	0
4.07908 	278.746 	10000 	0.124955 	1.97371e-13 	0 	0
4.08909 	278.746 	10000 	0.124955 	1.92662e-13 	0 	0
4.0991 	278.746 	10000 	0.124955 	1.87953e-13 	0 	0
4.10911 	278.746 	10000 	0.124955 	1.83244e-13 	0 	0
4.11912 	278.746 	10000 	0.124955 	1.78534e-13 	0 	0
4.12913 	278.746 	10000 	0.124955 	1.73825e-13 	0 	0
4.13914 	278.746 	10000 	0.124955 	1.69116e-13 	0 	0
4.14915 	278.746 	10000 	0.124955 	1.64406e-13 	0 	0
4.15916 	278.746 	10000 	0.124955 	1.73055e-13 	0 	0
4.16917 	278.746 	10000 	0.124955 	1.82945e-13 	0 	0
4.17918 	278.746 	10000 	0.124955 	1.92835e-13 	0 	0
4.18919 	278.746 	10000 	0.124955 	2.02725e-13 	0 	0
4.1992 	278.746 	10000 	0.124955 	2.12614e-13 	0 	0
4.20921 	278.746 	10000 	0.124955 	2.22504e-13 	0 	0
4.21922 	278.746 	10000 	0.124955 	2.32394e-13 	0 	0
4.22923 	278.746 	10000 	0.124955 	2.42284e-13 	0 	0
4.23924 	278.746 	10000 	0.124955 	2.52173e-13 	0 	0
4.24925 	278.746 	10000 	0.124955 	2.62063e-13 	0 	0
4.25926 	278.746 	10000 	0.124955 	2.38328e-13 	0 	0
4.26927 	278.746 	10000 	0.124955 	2.11867e-13 	0 	0
4.27928 	278.746 	10000 	0.124955 	1.85405e-13 	0 	0
4.28929 	278.746 	10000 	0.124955 	1.58943e-13 	0 	0
4.2993 	278.746 	10000 	0.124955 	1.32482e-13 	0 	0
4.30931 	278.746 	10000 	0.124955 	1.0602e-13 	0 	0
4.31932 	278.746 	10000 	0.124955 	7.95588e-14 	0 	0
4.32933 	278.746 	10000 	0.124955 	5.30973e-14 	0 	0
4.33934 	278.746 	10000 	0.124955 	2.66358e-14 	0 	0
4.34935 	278.746 	10000 	0.124955 	1.7422e-16 	0 	0
4.35936 	278.746 	10000 	0.124955 	-2.54358e-14 	0 	0
4.36937 	278.746 	10000 	0.124955 	-5.09867e-14 	0 	0
4.37938 	278.746 	10000 	0.124955 	-7.65376e-14 	0 	0
4.38939 	278.746 	10000 	0.124955 	-1.02088e-13 	0 	0
4.3994 	278.746 	10000 	0.124955 	-1.27639e-13 	0 	0
4.40941 	278.746 	10000 	0.124955 	-1.5319e-13 	0 	0
4.41942 	278.746 	10000 	0.124955 	-1.78741e-13 	0 	0
4.42943 	278.746 	10000 	0.124955 	-2.04292e-13 	0 	0
4.43944 	278.746 	10000 	0.124955 	-2.29843e-13 	0 	0
4.44945 	278.746 	10000 	0.124955 	-2.55394e-13 	0 	0
4.45946 	278.746 	10000 	0.124955 	-2.46267e-13 	0 	0
4.46947 	278.746 	10000 	0.124955 	-2.35122e-13 	0 	0
4.47948 	278.746 	10000 	0.124955 	-2.23977e-13 	0 	0
4.48949 	278.746 	10000 	0.124955 	-2.12832e-13 	0 	0
4.4995 	278.746 	10000 	0.124955 	-2.01687e-13 	0 	0
4.50951 	278.746 	10000 	0.124955 	-1.90542e-13 	0 	0
4.51952 	278.746 	10000 	0.124955 	-1.79397e-13 	0 	0
4.52953 	278.746 	10000 	0.124955 	-1.68252e-13 	0 	0
4.53954 	278.746 	10000 	0.124955 	-1.57107e-13 	0 	0
4.54955 	278.746 	10000 	0.124955 	-1.45962e-13 	0 	0
4.55956 	278.746 	10000 	0.124955 	-1.2747e-13 	0 	0
4.56957 	278.746 	10000 	0.124955 	-1.08632e-13 	0 	0
4.57958 	278.746 	10000 	0.124955 	-8.97946e-14 	0 	0
4.58959 	278.746 	10000 	0.124955 	-7.09569e-14 	0 	0
4.5996 	278.746 	10000 	0.124955 	-5.21192e-14 	0 	0
4.60961 	278.746 	10000 	0.124955 	-3.32815e-14 	0 	0
4.61962 	278.746 	10000 	0.124955 	-1.44437e-14 	0 	0
4.62963 	278.746 	10000 	0.124955 	4.39396e-15 	0 	0
4.63964 	278.746 	10000 	0.124955 	2.32317e-14 	0 	0
4.64965 	278.746 	10000 	0.124955 	4.20694e-14 	0 	0
4.65966 	278.746 	10000 	0.124955 	6.49273e-14 	0 	0
4.66967 	278.746 	10000 	0.124955 	8.7931e-14 	0 	0
4.67968 	278.746 	10000 	0.124955 	1.10935e-13 	0 	0
4.68969 	278.746 	10000 	0.124955 	1.33939e-13 	0 	0
4.6997 	278.746 	10000 	0.124955 	1.56942e-13 	0 	0
4.70971 	278.746 	10000 	0.124955 	1.79946e-13 	0 	0
4.71972 	278.746 	10000 	0.124955 	2.0295e-13 	0 	0
4.72973 	278.746 	10000 	0.124955 	2.25953e-13 	0 	0
4.73974 	278.746 	10000 	0.124955 	2.48957e-13 	0 	0
4.74975 	278.746 	10000 	0.124955 	2.71961e-13 	0 	0
4.75976 	278.746 	10000 	0.124955 	2.50739e-13 	0 	0
4.76977 	278.746 	10000 	0.124955 	2.28383e-13 	0 	0
4.77978 	278.746 	10000 	0.124955 	2.06028e-13 	0 	0
4.78979 	278.746 	10000 	0.124955 	1.83672e-13 	0 	0
4.7998 	278.746 	10000 	0.124955 	1.61316e-13 	0 	0
4.80981 	278.746 	10000 	0.124955 	1.38961e-13 	0 	0
4.81982 	278.746 	10000 	0.124955 	1.16605e-13 	0 	0
4.82983 	278.746 	10000 	0.124955 	9.42492e-14 	0 	0
4.83984 	278.746 	10000 	0.124955 	7.18935e-14 	0 	0
4.84985 	278.746 	10000 	0.124955 	4.95378e-14 	0 	0
4.85986 	278.746 	10000 	0.124955 	2.4351e-14 	0 	0
4.86987 	278.746 	10000 	0.124955 	-8.7901e-16 	0 	0
4.87988 	278.746 	10000 	0.124955 	-2.6109e-14 	0 	0
4.88989 	278.746 	10000 	0.124955 	-5.1339e-14 	0 	0
4.8999 	278.746 	10000 	0.124955 	-7.6569e-14 	0 	0
4.90991 	278.746 	10000 	0.124955 	-1.01799e-13 	0 	0
4.91992 	278.746 	10000 	0.124955 	-1.27029e-13 	0 	0
4.92993 	278.746 	10000 	0.124955 	-1.52259e-13 	0 	0
4.93994 	278.746 	10000 	0.124955 	-1.77489e-13 	0 	0
4.94995 	278.746 	10000 	0.124955 	-2.02719e-13 	0 	0
4.95996 	278.746 	10000 	0.124955 	-2.02845e-13 	0 	0
4.96997 	278.746 	10000 	0.124955 	-2.02845e-13 	0 	0
4.97998 	278.746 	10000 	0.124955 	-2.02845e-13 	0 	0
4.98999 	278.746 	10000 	0.124955 	-2.02845e-13 	0 	0
5 	278.746 	10000 	0.124955 	-2.02845e-13 	0 	0
