-5 	348.432 	100000 	0.999645 	-3.14665e-13 	0 	0
-4.98999 	348.432 	100000 	0.999645 	-3.14665e-13 	0 	0
-4.97998 	348.432 	100000 	0.999645 	-3.14665e-13 	0 	0
-4.96997 	348.432 	100000 	0.999645 	-3.14665e-13 	0 	0
-4.95996 	348.432 	100000 	0.999645 	-3.14665e-13 	0 	0
-4.94995 	348.432 	100000 	0.999645 	-3.14648e-13 	0 	0
-4.93994 	348.432 	100000 	0.999645 	-3.11239e-13 	0 	0
-4.92993 	348.432 	100000 	0.999645 	-3.0783e-13 	0 	0
-4.91992 	348.432 	100000 	0.999645 	-3.04421e-13 	0 	0
-4.90991 	348.432 	100000 	0.999645 	-3.01012e-13 	0 	0
-4.8999 	348.432 	100000 	0.999645 	-2.97603e-13 	0 	0
-4.88989 	348.432 	100000 	0.999645 	-2.94195e-13 	0 	0
-4.87988 	348.432 	100000 	0.999645 	-2.90786e-13 	0 	0
-4.86987 	348.432 	100000 	0.999645 	-2.87377e-13 	0 	0
-4.85986 	348.432 	100000 	0.999645 	-2.83968e-13 	0 	0
-4.84985 	348.432 	100000 	0.999645 	-2.80246e-13 	0 	0
-4.83984 	348.432 	100000 	0.999645 	-2.55992e-13 	0 	0
-4.82983 	348.432 	100000 	0.999645 	-2.31737e-13 	0 	0
-4.81982 	348.432 	100000 	0.999645 	-2.07482e-13 	0 	0
-4.80981 	348.432 	100000 	0.999645 	-1.83228e-13 	0 	0
-4.7998 	348.432 	100000 	0.999645 	-1.58973e-13 	0 	0
-4.78979 	348.432 	100000 	0.999645 	-1.34718e-13 	0 	0
-4.77978 	348.432 	100000 	0.999645 	-1.10464e-13 	0 	0
-4.76977 	348.432 	100000 	0.999645 	-8.62089e-14 	0 	0
-4.75976 	348.432 	100000 	0.999645 	-6.19542e-14 	0 	0
-4.74975 	348.432 	100000 	0.999645 	-3.77274e-14 	0 	0
-4.73974 	348.432 	100000 	0.999645 	-1.45887e-14 	0 	0
-4.72973 	348.432 	100000 	0.999645 	8.55003e-15 	0 	0
-4.71972 	348.432 	100000 	0.999645 	3.16888e-14 	0 	0
-4.70971 	348.432 	100000 	0.999645 	5.48275e-14 	0 	0
-4.6997 	348.432 	100000 	0.999645 	7.79662e-14 	0 	0
-4.68969 	348.432 	100000 	0.999645 	1.01105e-13 	0 	0
-4.67968 	348.432 	100000 	0.999645 	1.24244e-13 	0 	0
-4.66967 	348.432 	100000 	0.999645 	1.47382e-13 	0 	0
-4.65966 	348.432 	100000 	0.999645 	1.70521e-13 	0 	0
-4.64965 	348.432 	100000 	0.999645 	1.92381e-13 	0 	0
-4.63964 	348.432 	100000 	0.999645 	1.78993e-13 	0 	0
-4.62963 	348.432 	100000 	0.999645 	1.65605e-13 	0 	0
-4.61962 	348.432 	100000 	0.999645 	1.52217e-13 	0 	0
-4.60961 	348.432 	100000 	0.999645 	1.38828e-13 	0 	0
-4.5996 	348.432 	100000 	0.999645 	1.2544e-13 	0 	0
-4.58959 	348.432 	100000 	0.999645 	1.12052e-13 	0 	0
-4.57958 	348.432 	100000 	0.999645 	9.86634e-14 	0 	0
-4.56957 	348.432 	100000 	0.999645 	8.52751e-14 	0 	0
-4.55956 	348.432 	100000 	0.999645 	7.18868e-14 	0 	0
-4.54955 	348.432 	100000 	0.999645 	5.75586e-14 	0 	0
-4.53954 	348.432 	100000 	0.999645 	2.32824e-14 	0 	0
-4.52953 	348.432 	100000 	0.999645 	-1.09938e-14 	0 	0
-4.51952 	348.432 	100000 	0.999645 	-4.527e-14 	0 	0
-4.50951 	348.432 	100000 	0.999645 	-7.95461e-14 	0 	0
-4.4995 	348.432 	100000 	0.999645 	-1.13822e-13 	0 	0
-4.48949 	348.432 	100000 	0.999645 	-1.48098e-13 	0 	0
-4.47948 	348.432 	100000 	0.999645 	-1.82375e-13 	0 	0
-4.46947 	348.432 	100000 	0.999645 	-2.16651e-13 	0 	0
-4.45946 	348.432 	100000 	0.999645 	-2.50927e-13 	0 	0
-4.44945 	348.432 	100000 	0.999645 	-2.84733e-13 	0 	0
-4.43944 	348.432 	100000 	0.999645 	-3.10466e-13 	0 	0
-4.42943 	348.432 	100000 	0.999645 	-3.36198e-13 	0 	0
-4.41942 	348.432 	100000 	0.999645 	-3.61931e-13 	0 	0
-4.40941 	348.432 	100000 	0.999645 	-3.87663e-13 	0 	0
-4.3994 	348.432 	100000 	0.999645 	-4.13396e-13 	0 	0
-4.38939 	348.432 	100000 	0.999645 	-4.39128e-13 	0 	0
-4.37938 	348.432 	100000 	0.999645 	-4.64861e-13 	0 	0
-4.36937 	348.432 	100000 	0.999645 	-4.90594e-13 	0 	0
-4.35936 	348.432 	100000 	0.999645 	-5.16326e-13 	0 	0
-4.34935 	348.432 	100000 	0.999645 	-5.40531e-13 	0 	0
-4.33934 	348.432 	100000 	0.999645 	-5.42755e-13 	0 	0
-4.32933 	348.432 	100000 	0.999645 	-5.44979e-13 	0 	0
-4.31932 	348.432 	100000 	0.999645 	-5.47204e-13 	0 	0
-4.30931 	348.432 	100000 	0.999645 	-5.49428e-13 	0 	0
-4.2993 	348.432 	100000 	0.999645 	-5.51653e-13 	0 	0
-4.28929 	348.432 	100000 	0.999645 	-5.53877e-13 	0 	0
-4.27928 	348.432 	100000 	0.999645 	-5.56102e-13 	0 	0
-4.26927 	348.432 	100000 	0.999645 	-5.58326e-13 	0 	0
-4.25926 	348.432 	100000 	0.999645 	-5.6055e-13 	0 	0
-4.24925 	348.432 	100000 	0.999645 	-5.61442e-13 	0 	0
-4.23924 	348.432 	100000 	0.999645 	-5.45901e-13 	0 	0
-4.22923 	348.432 	100000 	0.999645 	-5.30359e-13 	0 	0
-4.21922 	348.432 	100000 	0.999645 	-5.14817e-13 	0 	0
-4.20921 	348.432 	100000 	0.999645 	-4.99275e-13 	0 	0
-4.1992 	348.432 	100000 	0.999645 	-4.83733e-13 	0 	0
-4.18919 	348.432 	100000 	0.999645 	-4.68191e-13 	0 	0
-4.17918 	348.432 	100000 	0.999645 	-4.52649e-13 	0 	0
-4.16917 	348.432 	100000 	0.999645 	-4.37108e-13 	0 	0
-4.15916 	348.432 	100000 	0.999645 	-4.21566e-13 	0 	0
-4.14915 	348.432 	100000 	0.999645 	-4.08175e-13 	0 	0
-4.13914 	348.432 	100000 	0.999645 	-4.17944e-13 	0 	0
-4.12913 	348.432 	100000 	0.999645 	-4.27712e-13 	0 	0
-4.11912 	348.432 	100000 	0.999645 	-4.3748e-13 	0 	0
-4.10911 	348.432 	100000 	0.999645 	-4.47248e-13 	0 	0
-4.0991 	348.432 	100000 	0.999645 	-4.57017e-13 	0 	0
-4.08909 	348.432 	100000 	0.999645 	-4.66785e-13 	0 	0
-4.07908 	348.432 	100000 	0.999645 	-4.76553e-13 	0 	0
-4.06907 	348.432 	100000 	0.999645 	-4.86321e-13 	0 	0
-4.05906 	348.432 	100000 	0.999645 	-4.9609e-13 	0 	0
-4.04905 	348.432 	100000 	0.999645 	-5.05746e-13 	0 	0
-4.03904 	348.432 	100000 	0.999645 	-5.14336e-13 	0 	0
-4.02903 	348.432 	100000 	0.999645 	-5.22927e-13 	0 	0
-4.01902 	348.432 	100000 	0.999645 	-5.31517e-13 	0 	0
-4.00901 	348.432 	100000 	0.999645 	-5.40108e-13 	0 	0
-3.999 	348.432 	100000 	0.999645 	-5.48698e-13 	0 	0
-3.98899 	348.432 	100000 	0.999645 	-5.57288e-13 	0 	0
-3.97898 	348.432 	100000 	0.999645 	-5.65879e-13 	0 	0
-3.96897 	348.432 	100000 	0.999645 	-5.74469e-13 	0 	0
-3.95896 	348.432 	100000 	0.999645 	-5.8306e-13 	0 	0
-3.94895 	348.432 	100000 	0.999645 	-5.89505e-13 	0 	0
-3.93894 	348.432 	100000 	0.999645 	-5.77667e-13 	0 	0
-3.92893 	348.432 	100000 	0.999645 	-5.65829e-13 	0 	0
-3.91892 	348.432 	100000 	0.999645 	-5.53991e-13 	0 	0
-3.90891 	348.432 	100000 	0.999645 	-5.42153e-13 	0 	0
-3.8989 	348.432 	100000 	0.999645 	-5.30315e-13 	0 	0
-3.88889 	348.432 	100000 	0.999645 	-5.18477e-13 	0 	0
-3.87888 	348.432 	100000 	0.999645 	-5.06639e-13 	0 	0
-3.86887 	348.432 	100000 	0.999645 	-4.94802e-13 	0 	0
-3.85886 	348.432 	100000 	0.999645 	-4.82964e-13 	0 	0
-3.84885 	348.432 	100000 	0.999645 	-4.69743e-13 	0 	0
-3.83884 	348.432 	100000 	0.999645 	-4.45881e-13 	0 	0
-3.82883 	348.432 	100000 	0.999645 	-4.22019e-13 	0 	0
-3.81882 	348.432 	100000 	0.999645 	-3.98158e-13 	0 	0
-3.80881 	348.432 	100000 	0.999645 	-3.74296e-13 	0 	0
-3.7988 	348.432 	100000 	0.999645 	-3.50434e-13 	0 	0
-3.78879 	348.432 	100000 	0.999645 	-3.26572e-13 	0 	0
-3.77878 	348.432 	100000 	0.999645 	-3.02711e-13 	0 	0
-3.76877 	348.432 	100000 	0.999645 	-2.78849e-13 	0 	0
-3.75876 	348.432 	100000 	0.999645 	-2.54987e-13 	0 	0
-3.74875 	348.432 	100000 	0.999645 	-2.32455e-13 	0 	0
-3.73874 	348.432 	100000 	0.999645 	-2.19228e-13 	0 	0
-3.72873 	348.432 	100000 	0.999645 	-2.06001e-13 	0 	0
-3.71872 	348.432 	100000 	0.999645 	-1.92775e-13 	0 	0
-3.70871 	348.432 	100000 	0.999645 	-1.79548e-13 	0 	0
-3.6987 	348.432 	100000 	0.999645 	-1.66322e-13 	0 	0
-3.68869 	348.432 	100000 	0.999645 	-1.53095e-13 	0 	0
-3.67868 	348.432 	100000 	0.999645 	-1.39868e-13 	0 	0
-3.66867 	348.432 	100000 	0.999645 	-1.26642e-13 	0 	0
-3.65866 	348.432 	100000 	0.999645 	-1.13415e-13 	0 	0
-3.64865 	348.432 	100000 	0.999645 	-1.02436e-13 	0 	0
-3.63864 	348.432 	100000 	0.999645 	-1.05858e-13 	0 	0
-3.62863 	348.432 	100000 	0.999645 	-1.0928e-13 	0 	0
-3.61862 	348.432 	100000 	0.999645 	-1.12702e-13 	0 	0
-3.60861 	348.432 	100000 	0.999645 	-1.16124e-13 	0 	0
-3.5986 	348.432 	100000 	0.999645 	-1.19547e-13 	0 	0
-3.58859 	348.432 	100000 	0.999645 	-1.22969e-13 	0 	0
-3.57858 	348.432 	100000 	0.999645 	-1.26391e-13 	0 	0
-3.56857 	348.432 	100000 	0.999645 	-1.29813e-13 	0 	0
-3.55856 	348.432 	100000 	0.999645 	-1.33235e-13 	0 	0
-3.54855 	348.432 	100000 	0.999645 	-1.35573e-13 	0 	0
-3.53854 	348.432 	100000 	0.999645 	-1.31515e-13 	0 	0
-3.52853 	348.432 	100000 	0.999645 	-1.27457e-13 	0 	0
-3.51852 	348.432 	100000 	0.999645 	-1.23399e-13 	0 	0
-3.50851 	348.432 	100000 	0.999645 	-1.19341e-13 	0 	0
-3.4985 	348.432 	100000 	0.999645 	-1.15283e-13 	0 	0
-3.48849 	348.432 	100000 	0.999645 	-1.11226e-13 	0 	0
-3.47848 	348.432 	100000 	0.999645 	-1.07168e-13 	0 	0
-3.46847 	348.432 	100000 	0.999645 	-1.0311e-13 	0 	0
-3.45846 	348.432 	100000 	0.999645 	-9.90522e-14 	0 	0
-3.44845 	348.432 	100000 	0.999645 	-9.72571e-14 	0 	0
-3.43844 	348.432 	100000 	0.999645 	-1.07798e-13 	0 	0
-3.42843 	348.432 	100000 	0.999645 	-1.18339e-13 	0 	0
-3.41842 	348.432 	100000 	0.999645 	-1.2888e-13 	0 	0
-3.40841 	348.432 	100000 	0.999645 	-1.39421e-13 	0 	0
-3.3984 	348.432 	100000 	0.999645 	-1.49962e-13 	0 	0
-3.38839 	348.432 	100000 	0.999645 	-1.60503e-13 	0 	0
-3.37838 	348.432 	100000 	0.999645 	-1.71044e-13 	0 	0
-3.36837 	348.432 	100000 	0.999645 	-1.81584e-13 	0 	0
-3.35836 	348.432 	100000 	0.999645 	-1.92125e-13 	0 	0
-3.34835 	348.432 	100000 	0.999645 	-1.98576e-13 	0 	0
-3.33834 	348.432 	100000 	0.999645 	-1.84325e-13 	0 	0
-3.32833 	348.432 	100000 	0.999645 	-1.70074e-13 	0 	0
-3.31832 	348.432 	100000 	0.999645 	-1.55823e-13 	0 	0
-3.30831 	348.432 	100000 	0.999645 	-1.41572e-13 	0 	0
-3.2983 	348.432 	100000 	0.999645 	-1.27321e-13 	0 	0
-3.28829 	348.432 	100000 	0.999645 	-1.1307e-13 	0 	0
-3.27828 	348.432 	100000 	0.999645 	-9.88188e-14 	0 	0
-3.26827 	348.432 	100000 	0.999645 	-8.45678e-14 	0 	0
-3.25826 	348.432 	100000 	0.999645 	-7.03169e-14 	0 	0
-3.24825 	348.432 	100000 	0.999645 	2.4329e-11 	0 	0
-3.23824 	348.432 	100000 	0.999645 	1.63686e-10 	0 	0
-3.22823 	348.432 	100000 	0.999645 	3.03043e-10 	0 	0
-3.21822 	348.432 	100000 	0.999645 	4.42401e-10 	0 	0
-3.20821 	348.432 	100000 	0.999645 	5.81758e-10 	0 	0
-3.1982 	348.432 	100000 	0.999645 	7.21115e-10 	0 	0
-3.18819 	348.432 	100000 	0.999645 	8.60472e-10 	0 	0
-3.17818 	348.432 	100000 	0.999645 	9.99829e-10 	0 	0
-3.16817 	348.432 	100000 	0.999645 	1.13919e-09 	0 	0
-3.15816 	348.432 	100000 	0.999645 	1.27854e-09 	0 	0
-3.14815 	348.432 	100000 	0.999645 	1.25384e-07 	0 	0
-3.13814 	348.432 	100000 	0.999645 	7.95611e-07 	0 	0
-3.12813 	348.432 	100000 	0.999645 	1.46584e-06 	0 	0
-3.11812 	348.432 	100000 	0.999645 	2.13607e-06 	0 	0
-3.10811 	348.432 	100000 	0.999645 	2.80629e-06 	0 	0
-3.0981 	348.432 	100000 	0.999645 	3.47652e-06 	0 	0
-3.08809 	348.432 	100000 	0.999645 	4.14675e-06 	0 	0
-3.07808 	348.432 	100000 	0.999645 	4.81697e-06 	0 	0
-3.06807 	348.432 	100000 	0.999645 	5.4872e-06 	0 	0
-3.05806 	348.432 	100000 	0.999645 	6.15743e-06 	0 	0
-3.04805 	348.432 	100000 	0.999645 	6.03009e-05 	0 	0
-3.03804 	348.432 	99999.9 	0.999644 	0.000335193 	0 	0
-3.02803 	348.432 	99999.8 	0.999643 	0.000610085 	0 	0
-3.01802 	348.432 	99999.7 	0.999643 	0.000884978 	0 	0
-3.00801 	348.432 	99999.6 	0.999642 	0.00115987 	0 	0
-2.998 	348.431 	99999.5 	0.999641 	0.00143476 	0 	0
-2.98799 	348.431 	99999.4 	0.999641 	0.00170965 	0 	0
-2.97798 	348.431 	99999.3 	0.99964 	0.00198455 	0 	0
-2.96797 	348.431 	99999.2 	0.999639 	0.00225944 	0 	0
-2.95796 	348.431 	99999.1 	0.999639 	0.00253433 	0 	0
-2.94795 	348.43 	99997.9 	0.99963 	0.00574774 	0 	0
-2.93794 	348.424 	99992.4 	0.999591 	0.0203569 	0 	0
-2.92793 	348.419 	99986.9 	0.999552 	0.034966 	0 	0
-2.91792 	348.414 	99981.5 	0.999513 	0.0495751 	0 	0
-2.90791 	348.408 	99976 	0.999474 	0.0641842 	0 	0
-2.8979 	348.403 	99970.6 	0.999435 	0.0787934 	0 	0
-2.88789 	348.397 	99965.1 	0.999396 	0.0934025 	0 	0
-2.87788 	348.392 	99959.6 	0.999357 	0.108012 	0 	0
-2.86787 	348.387 	99954.2 	0.999318 	0.122621 	0 	0
-2.85786 	348.381 	99948.7 	0.999279 	0.13723 	0 	0
-2.84785 	348.364 	99931.8 	0.999158 	0.182477 	0 	0
-2.83784 	348.306 	99873.2 	0.998738 	0.339586 	0 	0
-2.82783 	348.248 	99814.5 	0.998319 	0.496695 	0 	0
-2.81782 	348.189 	99755.9 	0.9979 	0.653804 	0 	0
-2.80781 	348.131 	99697.3 	0.99748 	0.810914 	0 	0
-2.7978 	348.073 	99638.7 	0.997061 	0.968023 	0 	0
-2.78779 	348.014 	99580 	0.996641 	1.12513 	0 	0
-2.77778 	347.956 	99521.4 	0.996222 	1.28224 	0 	0
-2.76777 	347.898 	99462.8 	0.995802 	1.43935 	0 	0
-2.75776 	347.839 	99404.1 	0.995383 	1.59646 	0 	0
-2.74775 	347.749 	99314.3 	0.994739 	1.83845 	0 	0
-2.73774 	347.551 	99116.9 	0.993323 	2.37281 	0 	0
-2.72773 	347.352 	98919.6 	0.991906 	2.90717 	0 	0
-2.71772 	347.154 	98722.3 	0.99049 	3.44152 	0 	0
-2.70771 	346.955 	98524.9 	0.989073 	3.97588 	0 	0
-2.6977 	346.757 	98327.6 	0.987657 	4.51024 	0 	0
-2.68769 	346.558 	98130.2 	0.98624 	5.04459 	0 	0
-2.67768 	346.36 	97932.9 	0.984824 	5.57895 	0 	0
-2.66767 	346.161 	97735.5 	0.983407 	6.11331 	0 	0
-2.65766 	345.963 	97538.2 	0.981991 	6.64767 	0 	0
-2.64765 	345.734 	97311.9 	0.980363 	7.26499 	0 	0
-2.63764 	345.405 	96991.6 	0.978047 	8.15238 	0 	0
-2.62763 	345.076 	96671.2 	0.975732 	9.03977 	0 	0
-2.61762 	344.747 	96350.9 	0.973417 	9.92716 	0 	0
-2.60761 	344.418 	96030.5 	0.971101 	10.8146 	0 	0
-2.5976 	344.089 	95710.2 	0.968786 	11.7019 	0 	0
-2.58759 	343.76 	95389.8 	0.96647 	12.5893 	0 	0
-2.57758 	343.43 	95069.5 	0.964155 	13.4767 	0 	0
-2.56757 	343.101 	94749.1 	0.96184 	14.3641 	0 	0
-2.55756 	342.772 	94428.8 	0.959524 	15.2515 	0 	0
-2.54755 	342.43 	94097.7 	0.957125 	16.1767 	0 	0
-2.53754 	342.046 	93733.4 	0.954465 	17.2182 	0 	0
-2.52753 	341.661 	93369.2 	0.951806 	18.2596 	0 	0
-2.51752 	341.277 	93005 	0.949147 	19.3011 	0 	0
-2.50751 	340.893 	92640.7 	0.946488 	20.3426 	0 	0
-2.4975 	340.508 	92276.5 	0.943829 	21.3841 	0 	0
-2.48749 	340.124 	91912.3 	0.94117 	22.4256 	0 	0
-2.47748 	339.74 	91548 	0.93851 	23.4671 	0 	0
-2.46747 	339.356 	91183.8 	0.935851 	24.5086 	0 	0
-2.45746 	338.971 	90819.6 	0.933192 	25.5501 	0 	0
-2.44745 	338.584 	90455 	0.930523 	26.6019 	0 	0
-2.43744 	338.187 	90089.7 	0.927825 	27.6838 	0 	0
-2.42743 	337.79 	89724.3 	0.925127 	28.7657 	0 	0
-2.41742 	337.393 	89358.9 	0.922429 	29.8476 	0 	0
-2.40741 	336.996 	88993.5 	0.919731 	30.9295 	0 	0
-2.3974 	336.599 	88628.2 	0.917033 	32.0114 	0 	0
-2.38739 	336.202 	88262.8 	0.914335 	33.0933 	0 	0
-2.37738 	335.806 	87897.4 	0.911637 	34.1752 	0 	0
-2.36737 	335.409 	87532 	0.908939 	35.2571 	0 	0
-2.35736 	335.012 	87166.7 	0.906241 	36.339 	0 	0
-2.34735 	334.615 	86803.9 	0.903554 	37.4232 	0 	0
-2.33734 	334.217 	86448.5 	0.900899 	38.5137 	0 	0
-2.32733 	333.819 	86093.2 	0.898243 	39.6043 	0 	0
-2.31732 	333.422 	85737.8 	0.895588 	40.6948 	0 	0
-2.30731 	333.024 	85382.4 	0.892932 	41.7854 	0 	0
-2.2973 	332.627 	85027 	0.890277 	42.8759 	0 	0
-2.28729 	332.229 	84671.6 	0.887621 	43.9664 	0 	0
-2.27728 	331.831 	84316.2 	0.884965 	45.057 	0 	0
-2.26727 	331.434 	83960.8 	0.88231 	46.1475 	0 	0
-2.25726 	331.036 	83605.5 	0.879654 	47.2381 	0 	0
-2.24725 	330.639 	83253.2 	0.877014 	48.3296 	0 	0
-2.23724 	330.242 	82909.2 	0.874412 	49.424 	0 	0
-2.22723 	329.846 	82565.1 	0.87181 	50.5183 	0 	0
-2.21722 	329.449 	82221.1 	0.869208 	51.6126 	0 	0
-2.20721 	329.053 	81877.1 	0.866607 	52.7069 	0 	0
-2.1972 	328.656 	81533.1 	0.864005 	53.8012 	0 	0
-2.18719 	328.26 	81189 	0.861403 	54.8955 	0 	0
-2.17718 	327.863 	80845 	0.858802 	55.9898 	0 	0
-2.16717 	327.467 	80501 	0.8562 	57.0842 	0 	0
-2.15716 	327.07 	80157 	0.853598 	58.1785 	0 	0
-2.14715 	326.674 	79816.1 	0.851012 	59.2738 	0 	0
-2.13714 	326.279 	79483.2 	0.848463 	60.3719 	0 	0
-2.12713 	325.883 	79150.3 	0.845915 	61.47 	0 	0
-2.11712 	325.488 	78817.4 	0.843367 	62.5681 	0 	0
-2.10711 	325.092 	78484.5 	0.840818 	63.6661 	0 	0
-2.0971 	324.697 	78151.6 	0.83827 	64.7642 	0 	0
-2.08709 	324.301 	77818.6 	0.835722 	65.8623 	0 	0
-2.07708 	323.906 	77485.7 	0.833173 	66.9603 	0 	0
-2.06707 	323.51 	77152.8 	0.830625 	68.0584 	0 	0
-2.05706 	323.115 	76819.9 	0.828077 	69.1565 	0 	0
-2.04705 	322.72 	76490.2 	0.825544 	70.2557 	0 	0
-2.03704 	322.325 	76168.1 	0.823048 	71.3576 	0 	0
-2.02703 	321.931 	75846 	0.820552 	72.4595 	0 	0
-2.01702 	321.536 	75524 	0.818056 	73.5614 	0 	0
-2.00701 	321.142 	75201.9 	0.815561 	74.6633 	0 	0
-1.997 	320.747 	74879.8 	0.813065 	75.7652 	0 	0
-1.98699 	320.353 	74557.8 	0.810569 	76.8671 	0 	0
-1.97698 	319.958 	74235.7 	0.808073 	77.969 	0 	0
-1.96697 	319.564 	73913.6 	0.805577 	79.0709 	0 	0
-1.95696 	319.169 	73591.5 	0.803082 	80.1728 	0 	0
-1.94695 	318.775 	73272.7 	0.800602 	81.2758 	0 	0
-1.93694 	318.382 	72961.3 	0.798159 	82.3813 	0 	0
-1.92693 	317.988 	72649.9 	0.795716 	83.4869 	0 	0
-1.91692 	317.595 	72338.5 	0.793272 	84.5925 	0 	0
-1.90691 	317.202 	72027 	0.790829 	85.698 	0 	0
-1.8969 	316.809 	71715.6 	0.788386 	86.8036 	0 	0
-1.88689 	316.415 	71404.2 	0.785943 	87.9091 	0 	0
-1.87688 	316.022 	71092.8 	0.7835 	89.0147 	0 	0
-1.86687 	315.629 	70781.3 	0.781057 	90.1202 	0 	0
-1.85686 	315.235 	70469.9 	0.778614 	91.2258 	0 	0
-1.84685 	314.842 	70161.8 	0.776187 	92.3324 	0 	0
-1.83684 	314.45 	69860.9 	0.773796 	93.4414 	0 	0
-1.82683 	314.058 	69559.9 	0.771406 	94.5504 	0 	0
-1.81682 	313.666 	69259 	0.769015 	95.6594 	0 	0
-1.80681 	313.274 	68958 	0.766625 	96.7684 	0 	0
-1.7968 	312.882 	68657.1 	0.764234 	97.8774 	0 	0
-1.78679 	312.49 	68356.2 	0.761843 	98.9864 	0 	0
-1.77678 	312.098 	68055.2 	0.759453 	100.095 	0 	0
-1.76677 	311.706 	67754.3 	0.757062 	101.204 	0 	0
-1.75676 	311.314 	67453.3 	0.754672 	102.313 	0 	0
-1.74675 	310.922 	67155.7 	0.752298 	103.423 	0 	0
-1.73674 	310.531 	66865.1 	0.74996 	104.536 	0 	0
-1.72673 	310.141 	66574.4 	0.747622 	105.648 	0 	0
-1.71672 	309.75 	66283.8 	0.745284 	106.76 	0 	0
-1.70671 	309.359 	65993.1 	0.742946 	107.872 	0 	0
-1.6967 	308.969 	65702.4 	0.740607 	108.984 	0 	0
-1.68669 	308.578 	65411.8 	0.738269 	110.096 	0 	0
-1.67668 	308.187 	65121.1 	0.735931 	111.208 	0 	0
-1.66667 	307.797 	64830.5 	0.733593 	112.32 	0 	0
-1.65666 	307.406 	64539.8 	0.731255 	113.432 	0 	0
-1.64665 	307.016 	64252.5 	0.728934 	114.546 	0 	0
-1.63664 	306.626 	63971.9 	0.726648 	115.661 	0 	0
-1.62663 	306.237 	63691.3 	0.724362 	116.776 	0 	0
-1.61662 	305.847 	63410.7 	0.722076 	117.891 	0 	0
-1.60661 	305.458 	63130.1 	0.719789 	119.006 	0 	0
-1.5966 	305.069 	62849.4 	0.717503 	120.122 	0 	0
-1.58659 	304.679 	62568.8 	0.715217 	121.237 	0 	0
-1.57658 	304.29 	62288.2 	0.712931 	122.352 	0 	0
-1.56657 	303.9 	62007.6 	0.710645 	123.467 	0 	0
-1.55656 	303.511 	61727 	0.708358 	124.583 	0 	0
-1.54655 	303.122 	61449.8 	0.70609 	125.699 	0 	0
-1.53654 	302.734 	61178.9 	0.703855 	126.817 	0 	0
-1.52653 	302.346 	60908.1 	0.70162 	127.936 	0 	0
-1.51652 	301.959 	60637.3 	0.699385 	129.054 	0 	0
-1.50651 	301.571 	60366.5 	0.697151 	130.173 	0 	0
-1.4965 	301.183 	60095.7 	0.694916 	131.291 	0 	0
-1.48649 	300.795 	59824.8 	0.692681 	132.409 	0 	0
-1.47648 	300.407 	59554 	0.690446 	133.528 	0 	0
-1.46647 	300.019 	59283.2 	0.688211 	134.646 	0 	0
-1.45646 	299.631 	59012.4 	0.685976 	135.765 	0 	0
-1.44645 	299.244 	58744.9 	0.68376 	136.884 	0 	0
-1.43644 	298.857 	58483.7 	0.681575 	138.006 	0 	0
-1.42643 	298.471 	58222.4 	0.679391 	139.127 	0 	0
-1.41642 	298.084 	57961.1 	0.677206 	140.249 	0 	0
-1.40641 	297.697 	57699.8 	0.675022 	141.371 	0 	0
-1.3964 	297.311 	57438.5 	0.672838 	142.492 	0 	0
-1.38639 	296.924 	57177.2 	0.670653 	143.614 	0 	0
-1.37638 	296.538 	56915.9 	0.668469 	144.736 	0 	0
-1.36637 	296.151 	56654.6 	0.666284 	145.857 	0 	0
-1.35636 	295.764 	56393.3 	0.6641 	146.979 	0 	0
-1.34635 	295.378 	56135.4 	0.661934 	148.102 	0 	0
-1.33634 	294.993 	55883.3 	0.659799 	149.227 	0 	0
-1.32633 	294.608 	55631.2 	0.657664 	150.352 	0 	0
-1.31632 	294.223 	55379.2 	0.655529 	151.477 	0 	0
-1.30631 	293.838 	55127.1 	0.653394 	152.603 	0 	0
-1.2963 	293.452 	54875 	0.651259 	153.728 	0 	0
-1.28629 	293.067 	54623 	0.649124 	154.853 	0 	0
-1.27628 	292.682 	54370.9 	0.646989 	155.978 	0 	0
-1.26627 	292.297 	54118.8 	0.644854 	157.104 	0 	0
-1.25626 	291.912 	53866.7 	0.642719 	158.229 	0 	0
-1.24625 	291.527 	53618 	0.640603 	159.355 	0 	0
-1.23624 	291.143 	53374.9 	0.638516 	160.484 	0 	0
-1.22623 	290.759 	53131.8 	0.63643 	161.613 	0 	0
-1.21622 	290.375 	52888.7 	0.634343 	162.742 	0 	0
-1.20621 	289.991 	52645.5 	0.632257 	163.871 	0 	0
-1.1962 	289.607 	52402.4 	0.630171 	164.999 	0 	0
-1.18619 	289.223 	52159.3 	0.628084 	166.128 	0 	0
-1.17618 	288.839 	51916.2 	0.625998 	167.257 	0 	0
-1.16617 	288.455 	51673 	0.623912 	168.386 	0 	0
-1.15616 	288.071 	51429.9 	0.621825 	169.515 	0 	0
-1.14615 	287.688 	51190.1 	0.619757 	170.645 	0 	0
-1.13614 	287.305 	50955.7 	0.617718 	171.778 	0 	0
-1.12613 	286.922 	50721.2 	0.615679 	172.911 	0 	0
-1.11612 	286.54 	50486.8 	0.61364 	174.044 	0 	0
-1.10611 	286.157 	50252.3 	0.611601 	175.177 	0 	0
-1.0961 	285.774 	50017.9 	0.609562 	176.31 	0 	0
-1.08609 	285.392 	49783.4 	0.607523 	177.443 	0 	0
-1.07608 	285.009 	49549 	0.605484 	178.576 	0 	0
-1.06607 	284.626 	49314.5 	0.603445 	179.709 	0 	0
-1.05606 	284.244 	49080 	0.601406 	180.842 	0 	0
-1.04605 	283.861 	48848.9 	0.599385 	181.976 	0 	0
-1.03604 	283.48 	48622.9 	0.597393 	183.113 	0 	0
-1.02603 	283.098 	48396.9 	0.5954 	184.25 	0 	0
-1.01602 	282.717 	48170.8 	0.593408 	185.387 	0 	0
-1.00601 	282.335 	47944.8 	0.591415 	186.524 	0 	0
-0.995996 	281.953 	47718.8 	0.589423 	187.661 	0 	0
-0.985986 	281.572 	47492.8 	0.587431 	188.798 	0 	0
-0.975976 	281.19 	47266.7 	0.585438 	189.935 	0 	0
-0.965966 	280.809 	47040.7 	0.583446 	191.072 	0 	0
-0.955956 	280.427 	46814.7 	0.581453 	192.209 	0 	0
-0.945946 	280.046 	46592 	0.57948 	193.348 	0 	0
-0.935936 	279.665 	46374.1 	0.577533 	194.489 	0 	0
-0.925926 	279.285 	46156.3 	0.575587 	195.631 	0 	0
-0.915916 	278.904 	45938.5 	0.57364 	196.772 	0 	0
-0.905906 	278.524 	45720.6 	0.571694 	197.913 	0 	0
-0.895896 	278.144 	45502.8 	0.569747 	199.054 	0 	0
-0.885886 	277.763 	45284.9 	0.567801 	200.196 	0 	0
-0.875876 	277.383 	45067.1 	0.565855 	201.337 	0 	0
-0.865866 	277.002 	44849.3 	0.563908 	202.478 	0 	0
-0.855856 	276.622 	44631.4 	0.561962 	203.619 	0 	0
-0.845846 	276.242 	44416.9 	0.560034 	204.762 	0 	0
-0.835836 	275.863 	44207.1 	0.558134 	205.908 	0 	0
-0.825826 	275.484 	43997.4 	0.556233 	207.053 	0 	0
-0.815816 	275.104 	43787.6 	0.554333 	208.199 	0 	0
-0.805806 	274.725 	43577.8 	0.552432 	209.344 	0 	0
-0.795796 	274.346 	43368 	0.550532 	210.49 	0 	0
-0.785786 	273.967 	43158.2 	0.548631 	211.635 	0 	0
-0.775776 	273.588 	42948.4 	0.546731 	212.78 	0 	0
-0.765766 	273.209 	42738.6 	0.54483 	213.926 	0 	0
-0.755756 	272.83 	42528.8 	0.54293 	215.071 	0 	0
-0.745746 	272.451 	42322.4 	0.541049 	216.218 	0 	0
-0.735736 	272.074 	42120.5 	0.539195 	217.367 	0 	0
-0.725726 	271.696 	41918.7 	0.537341 	218.516 	0 	0
-0.715716 	271.318 	41716.8 	0.535487 	219.664 	0 	0
-0.705706 	270.941 	41515 	0.533632 	220.813 	0 	0
-0.695696 	270.563 	41313.1 	0.531778 	221.962 	0 	0
-0.685686 	270.185 	41111.2 	0.529924 	223.111 	0 	0
-0.675676 	269.808 	40909.4 	0.52807 	224.259 	0 	0
-0.665666 	269.43 	40707.5 	0.526216 	225.408 	0 	0
-0.655656 	269.052 	40505.7 	0.524362 	226.557 	0 	0
-0.645646 	268.676 	40307.2 	0.522528 	227.707 	0 	0
-0.635636 	268.3 	40113.3 	0.520722 	228.858 	0 	0
-0.625626 	267.924 	39919.4 	0.518915 	230.009 	0 	0
-0.615616 	267.549 	39725.4 	0.517109 	231.16 	0 	0
-0.605606 	267.173 	39531.5 	0.515302 	232.31 	0 	0
-0.595596 	266.797 	39337.6 	0.513496 	233.461 	0 	0
-0.585586 	266.422 	39143.6 	0.511689 	234.612 	0 	0
-0.575576 	266.046 	38949.7 	0.509883 	235.763 	0 	0
-0.565566 	265.67 	38755.8 	0.508076 	236.914 	0 	0
-0.555556 	265.295 	38561.8 	0.50627 	238.065 	0 	0
-0.545546 	264.92 	38371.5 	0.504486 	239.216 	0 	0
-0.535536 	264.547 	38185.7 	0.50273 	240.366 	0 	0
-0.525526 	264.174 	37999.9 	0.500975 	241.517 	0 	0
-0.515516 	263.801 	37814.1 	0.499219 	242.667 	0 	0
-0.505506 	263.429 	37628.3 	0.497464 	243.818 	0 	0
-0.495495 	263.056 	37442.5 	0.495709 	244.968 	0 	0
-0.485485 	262.683 	37256.7 	0.493953 	246.119 	0 	0
-0.475475 	262.31 	37070.9 	0.492198 	247.269 	0 	0
-0.465465 	261.937 	36885.1 	0.490442 	248.42 	0 	0
-0.455455 	261.564 	36699.3 	0.488687 	249.57 	0 	0
-0.445445 	261.194 	36517.5 	0.486958 	250.717 	0 	0
-0.435435 	260.826 	36340.4 	0.485262 	251.861 	0 	0
-0.425425 	260.458 	36163.4 	0.483566 	253.005 	0 	0
-0.415415 	260.09 	35986.4 	0.481869 	254.149 	0 	0
-0.405405 	259.722 	35809.3 	0.480173 	255.292 	0 	0
-0.395395 	259.354 	35632.3 	0.478477 	256.436 	0 	0
-0.385385 	258.986 	35455.3 	0.47678 	257.58 	0 	0
-0.375375 	258.619 	35278.3 	0.475084 	258.724 	0 	0
-0.365365 	258.251 	35101.2 	0.473388 	259.867 	0 	0
-0.355355 	257.883 	34924.2 	0.471692 	261.011 	0 	0
-0.345345 	257.52 	34752.2 	0.470033 	262.144 	0 	0
-0.335335 	257.162 	34586 	0.468417 	263.263 	0 	0
-0.325325 	256.804 	34419.8 	0.466802 	264.383 	0 	0
-0.315315 	256.446 	34253.6 	0.465187 	265.502 	0 	0
-0.305305 	256.089 	34087.4 	0.463571 	266.622 	0 	0
-0.295295 	255.731 	33921.2 	0.461956 	267.741 	0 	0
-0.285285 	255.373 	33755 	0.46034 	268.861 	0 	0
-0.275275 	255.015 	33588.8 	0.458725 	269.98 	0 	0
-0.265265 	254.658 	33422.6 	0.45711 	271.1 	0 	0
-0.255255 	254.3 	33256.5 	0.455494 	272.219 	0 	0
-0.245245 	253.955 	33098.7 	0.453952 	273.303 	0 	0
-0.235235 	253.623 	32950.1 	0.45249 	274.347 	0 	0
-0.225225 	253.292 	32801.6 	0.451028 	275.392 	0 	0
-0.215215 	252.96 	32653.1 	0.449566 	276.436 	0 	0
-0.205205 	252.629 	32504.6 	0.448104 	277.48 	0 	0
-0.195195 	252.297 	32356.1 	0.446642 	278.524 	0 	0
-0.185185 	251.966 	32207.5 	0.44518 	279.568 	0 	0
-0.175175 	251.635 	32059 	0.443719 	280.613 	0 	0
-0.165165 	251.303 	31910.5 	0.442257 	281.657 	0 	0
-0.155155 	250.972 	31762 	0.440795 	282.701 	0 	0
-0.145145 	250.676 	31630.5 	0.439492 	283.639 	0 	0
-0.135135 	250.419 	31517.2 	0.438358 	284.464 	0 	0
-0.125125 	250.161 	31403.8 	0.437223 	285.29 	0 	0
-0.115115 	249.904 	31290.4 	0.436089 	286.115 	0 	0
-0.105105 	249.647 	31177.1 	0.434955 	286.94 	0 	0
-0.0950951 	249.389 	31063.7 	0.433821 	287.765 	0 	0
-0.0850851 	249.132 	30950.3 	0.432686 	288.591 	0 	0
-0.0750751 	248.875 	30837 	0.431552 	289.416 	0 	0
-0.0650651 	248.617 	30723.6 	0.430418 	290.241 	0 	0
-0.0550551 	248.36 	30610.2 	0.429284 	291.066 	0 	0
-0.045045 	248.171 	30527.9 	0.42846 	291.67 	0 	0
-0.035035 	248.052 	30477.3 	0.427952 	292.047 	0 	0
-0.025025 	247.934 	30426.7 	0.427444 	292.424 	0 	0
-0.015015 	247.815 	30376 	0.426937 	292.801 	0 	0
-0.00500501 	247.696 	30325.4 	0.426429 	293.178 	0 	0
0.00500501 	247.577 	30274.8 	0.425921 	293.555 	0 	0
0.015015 	247.458 	30224.2 	0.425413 	293.932 	0 	0
0.025025 	247.339 	30173.5 	0.424906 	294.309 	0 	0
0.035035 	247.221 	30122.9 	0.424398 	294.686 	0 	0
0.045045 	247.102 	30072.3 	0.42389 	295.063 	0 	0
0.0550551 	247.049 	30049.8 	0.423666 	295.231 	0 	0
0.0650651 	247.06 	30055 	0.42372 	295.192 	0 	0
0.0750751 	247.071 	30060.1 	0.423773 	295.153 	0 	0
0.0850851 	247.082 	30065.3 	0.423827 	295.115 	0 	0
0.0950951 	247.094 	30070.5 	0.42388 	295.076 	0 	0
0.105105 	247.105 	30075.6 	0.423934 	295.038 	0 	0
0.115115 	247.116 	30080.8 	0.423987 	294.999 	0 	0
0.125125 	247.127 	30086 	0.424041 	294.961 	0 	0
0.135135 	247.138 	30091.1 	0.424094 	294.922 	0 	0
0.145145 	247.15 	30096.3 	0.424148 	294.884 	0 	0
0.155155 	247.19 	30114 	0.424329 	294.753 	0 	0
0.165165 	247.257 	30143.6 	0.424629 	294.534 	0 	0
0.175175 	247.324 	30173.1 	0.42493 	294.316 	0 	0
0.185185 	247.391 	30202.6 	0.42523 	294.098 	0 	0
0.195195 	247.458 	30232.2 	0.42553 	293.879 	0 	0
0.205205 	247.525 	30261.7 	0.425831 	293.661 	0 	0
0.215215 	247.592 	30291.3 	0.426131 	293.443 	0 	0
0.225225 	247.659 	30320.8 	0.426432 	293.224 	0 	0
0.235235 	247.726 	30350.3 	0.426732 	293.006 	0 	0
0.245245 	247.793 	30379.9 	0.427032 	292.788 	0 	0
0.255255 	247.818 	30391 	0.427146 	292.705 	0 	0
0.265265 	247.804 	30385.4 	0.427091 	292.746 	0 	0
0.275275 	247.791 	30379.9 	0.427037 	292.786 	0 	0
0.285285 	247.777 	30374.3 	0.426982 	292.826 	0 	0
0.295295 	247.764 	30368.8 	0.426927 	292.867 	0 	0
0.305305 	247.75 	30363.2 	0.426872 	292.907 	0 	0
0.315315 	247.737 	30357.7 	0.426818 	292.947 	0 	0
0.325325 	247.723 	30352.1 	0.426763 	292.988 	0 	0
0.335335 	247.71 	30346.5 	0.426708 	293.028 	0 	0
0.345345 	247.696 	30341 	0.426653 	293.068 	0 	0
0.355355 	247.687 	30336.5 	0.426607 	293.1 	0 	0
0.365365 	247.681 	30333 	0.426567 	293.126 	0 	0
0.375375 	247.676 	30329.4 	0.426526 	293.151 	0 	0
0.385385 	247.67 	30325.9 	0.426486 	293.176 	0 	0
0.395395 	247.664 	30322.4 	0.426446 	293.201 	0 	0
0.405405 	247.658 	30318.8 	0.426406 	293.226 	0 	0
0.415415 	247.653 	30315.3 	0.426366 	293.251 	0 	0
0.425425 	247.647 	30311.8 	0.426326 	293.276 	0 	0
0.435435 	247.641 	30308.2 	0.426286 	293.301 	0 	0
0.445445 	247.636 	30304.7 	0.426246 	293.327 	0 	0
0.455455 	247.633 	30302.4 	0.426217 	293.342 	0 	0
0.465465 	247.634 	30301.1 	0.426198 	293.35 	0 	0
0.475475 	247.635 	30299.9 	0.426179 	293.358 	0 	0
0.485485 	247.636 	30298.6 	0.426159 	293.365 	0 	0
0.495495 	247.637 	30297.3 	0.42614 	293.373 	0 	0
0.505506 	247.638 	30296.1 	0.42612 	293.381 	0 	0
0.515516 	247.639 	30294.8 	0.426101 	293.388 	0 	0
0.525526 	247.64 	30293.5 	0.426081 	293.396 	0 	0
0.535536 	247.641 	30292.2 	0.426062 	293.404 	0 	0
0.545546 	247.642 	30291 	0.426043 	293.412 	0 	0
0.555556 	247.642 	30289.6 	0.426024 	293.421 	0 	0
0.565566 	247.641 	30288.2 	0.426005 	293.433 	0 	0
0.575576 	247.64 	30286.7 	0.425987 	293.445 	0 	0
0.585586 	247.639 	30285.3 	0.425969 	293.457 	0 	0
0.595596 	247.638 	30283.9 	0.42595 	293.468 	0 	0
0.605606 	247.637 	30282.4 	0.425932 	293.48 	0 	0
0.615616 	247.636 	30281 	0.425913 	293.492 	0 	0
0.625626 	247.635 	30279.6 	0.425895 	293.503 	0 	0
0.635636 	247.634 	30278.2 	0.425876 	293.515 	0 	0
0.645646 	247.633 	30276.7 	0.425858 	293.527 	0 	0
0.655656 	247.631 	30275.2 	0.425841 	293.54 	0 	0
0.665666 	247.628 	30273.7 	0.425824 	293.553 	0 	0
0.675676 	247.625 	30272.1 	0.425808 	293.566 	0 	0
0.685686 	247.622 	30270.6 	0.425792 	293.579 	0 	0
0.695696 	247.618 	30269 	0.425776 	293.593 	0 	0
0.705706 	247.615 	30267.5 	0.425759 	293.606 	0 	0
0.715716 	247.612 	30265.9 	0.425743 	293.619 	0 	0
0.725726 	247.609 	30264.4 	0.425727 	293.633 	0 	0
0.735736 	247.606 	30262.8 	0.42571 	293.646 	0 	0
0.745746 	247.602 	30261.3 	0.425694 	293.659 	0 	0
0.755756 	247.597 	30260.3 	0.425689 	293.667 	0 	0
0.765766 	247.591 	30259.8 	0.425692 	293.671 	0 	0
0.775776 	247.585 	30259.3 	0.425696 	293.675 	0 	0
0.785786 	247.579 	30258.8 	0.425699 	293.679 	0 	0
0.795796 	247.573 	30258.4 	0.425703 	293.683 	0 	0
0.805806 	247.567 	30257.9 	0.425706 	293.687 	0 	0
0.815816 	247.561 	30257.4 	0.425709 	293.691 	0 	0
0.825826 	247.555 	30256.9 	0.425713 	293.695 	0 	0
0.835836 	247.549 	30256.4 	0.425716 	293.698 	0 	0
0.845846 	247.543 	30255.9 	0.42572 	293.702 	0 	0
0.855856 	247.536 	30256.4 	0.425737 	293.7 	0 	0
0.865866 	247.529 	30257.5 	0.425765 	293.692 	0 	0
0.875876 	247.522 	30258.6 	0.425793 	293.685 	0 	0
0.885886 	247.515 	30259.8 	0.425821 	293.678 	0 	0
0.895896 	247.508 	30260.9 	0.42585 	293.67 	0 	0
0.905906 	247.501 	30262 	0.425878 	293.663 	0 	0
0.915916 	247.494 	30263.1 	0.425906 	293.656 	0 	0
0.925926 	247.487 	30264.3 	0.425934 	293.649 	0 	0
0.935936 	247.48 	30265.4 	0.425962 	293.641 	0 	0
0.945946 	247.473 	30266.5 	0.42599 	293.634 	0 	0
0.955956 	247.462 	30267.4 	0.426021 	293.629 	0 	0
0.965966 	247.447 	30268 	0.426055 	293.625 	0 	0
0.975976 	247.433 	30268.7 	0.426089 	293.622 	0 	0
0.985986 	247.419 	30269.3 	0.426123 	293.618 	0 	0
0.995996 	247.405 	30270 	0.426156 	293.615 	0 	0
1.00601 	247.39 	30270.6 	0.42619 	293.611 	0 	0
1.01602 	247.376 	30271.3 	0.426224 	293.608 	0 	0
1.02603 	247.362 	30271.9 	0.426258 	293.604 	0 	0
1.03604 	247.348 	30272.6 	0.426292 	293.601 	0 	0
1.04605 	247.334 	30273.2 	0.426326 	293.597 	0 	0
1.05606 	247.321 	30273.4 	0.426349 	293.597 	0 	0
1.06607 	247.31 	30273.2 	0.426365 	293.597 	0 	0
1.07608 	247.3 	30273 	0.426381 	293.598 	0 	0
1.08609 	247.289 	30272.9 	0.426397 	293.599 	0 	0
1.0961 	247.278 	30272.7 	0.426414 	293.6 	0 	0
1.10611 	247.267 	30272.5 	0.42643 	293.601 	0 	0
1.11612 	247.256 	30272.3 	0.426446 	293.602 	0 	0
1.12613 	247.245 	30272.1 	0.426462 	293.603 	0 	0
1.13614 	247.234 	30271.9 	0.426479 	293.604 	0 	0
1.14615 	247.223 	30271.8 	0.426495 	293.605 	0 	0
1.15616 	247.219 	30271.7 	0.4265 	293.605 	0 	0
1.16617 	247.219 	30271.6 	0.426499 	293.605 	0 	0
1.17618 	247.219 	30271.5 	0.426497 	293.606 	0 	0
1.18619 	247.219 	30271.4 	0.426496 	293.606 	0 	0
1.1962 	247.219 	30271.3 	0.426494 	293.606 	0 	0
1.20621 	247.22 	30271.3 	0.426493 	293.607 	0 	0
1.21622 	247.22 	30271.2 	0.426491 	293.607 	0 	0
1.22623 	247.22 	30271.1 	0.42649 	293.607 	0 	0
1.23624 	247.22 	30271 	0.426488 	293.608 	0 	0
1.24625 	247.22 	30270.9 	0.426487 	293.608 	0 	0
1.25626 	247.226 	30271.1 	0.426478 	293.606 	0 	0
1.26627 	247.236 	30271.4 	0.426465 	293.603 	0 	0
1.27628 	247.247 	30271.7 	0.426452 	293.601 	0 	0
1.28629 	247.257 	30272 	0.426439 	293.598 	0 	0
1.2963 	247.267 	30272.3 	0.426426 	293.595 	0 	0
1.30631 	247.277 	30272.6 	0.426413 	293.592 	0 	0
1.31632 	247.287 	30273 	0.4264 	293.589 	0 	0
1.32633 	247.297 	30273.3 	0.426388 	293.587 	0 	0
1.33634 	247.307 	30273.6 	0.426375 	293.584 	0 	0
1.34635 	247.317 	30273.9 	0.426362 	293.581 	0 	0
1.35636 	247.345 	30274.3 	0.426319 	293.578 	0 	0
1.36637 	247.384 	30274.8 	0.426259 	293.574 	0 	0
1.37638 	247.423 	30275.3 	0.4262 	293.57 	0 	0
1.38639 	247.461 	30275.7 	0.42614 	293.566 	0 	0
1.3964 	247.5 	30276.2 	0.42608 	293.562 	0 	0
1.40641 	247.538 	30276.7 	0.426021 	293.559 	0 	0
1.41642 	247.577 	30277.2 	0.425961 	293.555 	0 	0
1.42643 	247.615 	30277.7 	0.425901 	293.551 	0 	0
1.43644 	247.654 	30278.1 	0.425842 	293.547 	0 	0
1.44645 	247.692 	30278.6 	0.425782 	293.543 	0 	0
1.45646 	247.774 	30279.1 	0.425648 	293.54 	0 	0
1.46647 	247.879 	30279.5 	0.425474 	293.537 	0 	0
1.47648 	247.984 	30279.9 	0.4253 	293.534 	0 	0
1.48649 	248.089 	30280.3 	0.425125 	293.53 	0 	0
1.4965 	248.195 	30280.7 	0.424951 	293.527 	0 	0
1.50651 	248.3 	30281.1 	0.424776 	293.524 	0 	0
1.51652 	248.405 	30281.5 	0.424602 	293.521 	0 	0
1.52653 	248.51 	30281.9 	0.424427 	293.518 	0 	0
1.53654 	248.615 	30282.3 	0.424253 	293.514 	0 	0
1.54655 	248.721 	30282.7 	0.424078 	293.511 	0 	0
1.55656 	248.918 	30282.9 	0.423747 	293.509 	0 	0
1.56657 	249.165 	30283.1 	0.423334 	293.508 	0 	0
1.57658 	249.412 	30283.4 	0.422921 	293.506 	0 	0
1.58659 	249.658 	30283.6 	0.422508 	293.505 	0 	0
1.5966 	249.905 	30283.8 	0.422094 	293.503 	0 	0
1.60661 	250.151 	30284 	0.421681 	293.502 	0 	0
1.61662 	250.398 	30284.2 	0.421268 	293.501 	0 	0
1.62663 	250.644 	30284.4 	0.420855 	293.499 	0 	0
1.63664 	250.891 	30284.6 	0.420442 	293.498 	0 	0
1.64665 	251.137 	30284.8 	0.420028 	293.496 	0 	0
1.65666 	251.569 	30285 	0.419321 	293.497 	0 	0
1.66667 	252.093 	30285.2 	0.418465 	293.498 	0 	0
1.67668 	252.618 	30285.4 	0.417609 	293.499 	0 	0
1.68669 	253.142 	30285.6 	0.416753 	293.5 	0 	0
1.6967 	253.667 	30285.8 	0.415896 	293.502 	0 	0
1.70671 	254.191 	30286 	0.41504 	293.503 	0 	0
1.71672 	254.716 	30286.2 	0.414184 	293.504 	0 	0
1.72673 	255.24 	30286.4 	0.413328 	293.505 	0 	0
1.73674 	255.765 	30286.6 	0.412472 	293.506 	0 	0
1.74675 	256.29 	30286.8 	0.411616 	293.508 	0 	0
1.75676 	257.148 	30287.6 	0.410286 	293.51 	0 	0
1.76677 	258.168 	30288.7 	0.408727 	293.513 	0 	0
1.77678 	259.187 	30289.8 	0.407168 	293.515 	0 	0
1.78679 	260.207 	30290.9 	0.40561 	293.518 	0 	0
1.7968 	261.227 	30292 	0.404051 	293.521 	0 	0
1.80681 	262.246 	30293 	0.402492 	293.524 	0 	0
1.81682 	263.266 	30294.1 	0.400933 	293.527 	0 	0
1.82683 	264.286 	30295.2 	0.399375 	293.53 	0 	0
1.83684 	265.305 	30296.3 	0.397816 	293.532 	0 	0
1.84685 	266.325 	30297.4 	0.396257 	293.535 	0 	0
1.85686 	267.865 	30299.6 	0.394093 	293.541 	0 	0
1.86687 	269.646 	30302.4 	0.391649 	293.549 	0 	0
1.87688 	271.426 	30305.2 	0.389206 	293.558 	0 	0
1.88689 	273.206 	30308 	0.386763 	293.566 	0 	0
1.8969 	274.987 	30310.7 	0.38432 	293.574 	0 	0
1.90691 	276.767 	30313.5 	0.381877 	293.582 	0 	0
1.91692 	278.547 	30316.3 	0.379434 	293.59 	0 	0
1.92693 	280.327 	30319.1 	0.376991 	293.598 	0 	0
1.93694 	282.108 	30321.9 	0.374548 	293.606 	0 	0
1.94695 	283.888 	30324.7 	0.372105 	293.614 	0 	0
1.95696 	286.306 	30327.3 	0.369144 	293.625 	0 	0
1.96697 	289.004 	30329.8 	0.365954 	293.639 	0 	0
1.97698 	291.702 	30332.4 	0.362765 	293.652 	0 	0
1.98699 	294.4 	30335 	0.359576 	293.666 	0 	0
1.997 	297.099 	30337.5 	0.356387 	293.679 	0 	0
2.00701 	299.797 	30340.1 	0.353198 	293.693 	0 	0
2.01702 	302.495 	30342.7 	0.350008 	293.706 	0 	0
2.02703 	305.193 	30345.2 	0.346819 	293.72 	0 	0
2.03704 	307.891 	30347.8 	0.34363 	293.733 	0 	0
2.04705 	310.589 	30350.3 	0.340441 	293.747 	0 	0
2.05706 	313.75 	30350.3 	0.337165 	293.746 	0 	0
2.06707 	317.104 	30349.2 	0.333852 	293.738 	0 	0
2.07708 	320.458 	30348.1 	0.330539 	293.731 	0 	0
2.08709 	323.812 	30347.1 	0.327226 	293.723 	0 	0
2.0971 	327.166 	30346 	0.323914 	293.716 	0 	0
2.10711 	330.52 	30344.9 	0.320601 	293.708 	0 	0
2.11712 	333.875 	30343.8 	0.317288 	293.701 	0 	0
2.12713 	337.229 	30342.7 	0.313976 	293.693 	0 	0
2.13714 	340.583 	30341.6 	0.310663 	293.686 	0 	0
2.14715 	343.937 	30340.5 	0.30735 	293.678 	0 	0
2.15716 	347.131 	30341.9 	0.304599 	293.695 	0 	0
2.16717 	350.26 	30344.3 	0.302072 	293.723 	0 	0
2.17718 	353.39 	30346.6 	0.299545 	293.75 	0 	0
2.18719 	356.519 	30349 	0.297017 	293.777 	0 	0
2.1972 	359.649 	30351.4 	0.29449 	293.804 	0 	0
2.20721 	362.778 	30353.8 	0.291963 	293.832 	0 	0
2.21722 	365.908 	30356.1 	0.289436 	293.859 	0 	0
2.22723 	369.037 	30358.5 	0.286908 	293.886 	0 	0
2.23724 	372.167 	30360.9 	0.284381 	293.913 	0 	0
2.24725 	375.296 	30363.2 	0.281854 	293.941 	0 	0
2.25726 	377.513 	30365.8 	0.28021 	293.968 	0 	0
2.26727 	379.384 	30368.4 	0.278901 	293.994 	0 	0
2.27728 	381.255 	30370.9 	0.277591 	294.021 	0 	0
2.28729 	383.125 	30373.5 	0.276282 	294.048 	0 	0
2.2973 	384.996 	30376.1 	0.274973 	294.075 	0 	0
2.30731 	386.867 	30378.7 	0.273664 	294.102 	0 	0
2.31732 	388.737 	30381.3 	0.272355 	294.129 	0 	0
2.32733 	390.608 	30383.9 	0.271045 	294.156 	0 	0
2.33734 	392.479 	30386.4 	0.269736 	294.183 	0 	0
2.34735 	394.349 	30389 	0.268427 	294.21 	0 	0
2.35736 	395.24 	30382.2 	0.26775 	294.144 	0 	0
2.36737 	395.778 	30371.9 	0.2673 	294.045 	0 	0
2.37738 	396.316 	30361.6 	0.26685 	293.946 	0 	0
2.38739 	396.854 	30351.4 	0.266401 	293.846 	0 	0
2.3974 	397.392 	30341.1 	0.265951 	293.747 	0 	0
2.40741 	397.93 	30330.9 	0.265501 	293.648 	0 	0
2.41742 	398.468 	30320.6 	0.265052 	293.549 	0 	0
2.42743 	399.006 	30310.3 	0.264602 	293.45 	0 	0
2.43744 	399.544 	30300.1 	0.264152 	293.35 	0 	0
2.44745 	400.082 	30289.8 	0.263703 	293.251 	0 	0
2.45746 	400.242 	30282 	0.263527 	293.174 	0 	0
2.46747 	400.273 	30275 	0.263446 	293.104 	0 	0
2.47748 	400.305 	30268 	0.263364 	293.035 	0 	0
2.48749 	400.336 	30261 	0.263283 	292.965 	0 	0
2.4975 	400.367 	30254 	0.263201 	292.895 	0 	0
2.50751 	400.398 	30246.9 	0.26312 	292.826 	0 	0
2.51752 	400.43 	30239.9 	0.263038 	292.756 	0 	0
2.52753 	400.461 	30232.9 	0.262957 	292.686 	0 	0
2.53754 	400.492 	30225.9 	0.262875 	292.617 	0 	0
2.54755 	400.523 	30218.9 	0.262794 	292.547 	0 	0
2.55756 	400.527 	30217 	0.262775 	292.527 	0 	0
2.56757 	400.521 	30216.7 	0.262776 	292.523 	0 	0
2.57758 	400.515 	30216.4 	0.262778 	292.52 	0 	0
2.58759 	400.51 	30216.1 	0.262779 	292.516 	0 	0
2.5976 	400.504 	30215.9 	0.26278 	292.512 	0 	0
2.60761 	400.498 	30215.6 	0.262781 	292.508 	0 	0
2.61762 	400.492 	30215.3 	0.262783 	292.504 	0 	0
2.62763 	400.487 	30215 	0.262784 	292.501 	0 	0
2.63764 	400.481 	30214.7 	0.262785 	292.497 	0 	0
2.64765 	400.475 	30214.5 	0.262787 	292.493 	0 	0
2.65766 	400.457 	30214.6 	0.2628 	292.493 	0 	0
2.66767 	400.434 	30214.9 	0.262818 	292.495 	0 	0
2.67768 	400.411 	30215.2 	0.262835 	292.496 	0 	0
2.68769 	400.389 	30215.5 	0.262853 	292.498 	0 	0
2.6977 	400.366 	30215.8 	0.26287 	292.499 	0 	0
2.70771 	400.344 	30216.1 	0.262887 	292.501 	0 	0
2.71772 	400.321 	30216.4 	0.262905 	292.502 	0 	0
2.72773 	400.298 	30216.7 	0.262922 	292.504 	0 	0
2.73774 	400.276 	30217 	0.26294 	292.505 	0 	0
2.74775 	400.253 	30217.3 	0.262957 	292.507 	0 	0
2.75776 	400.219 	30219 	0.262994 	292.52 	0 	0
2.76777 	400.182 	30221 	0.263036 	292.537 	0 	0
2.77778 	400.144 	30223 	0.263078 	292.554 	0 	0
2.78779 	400.107 	30225 	0.26312 	292.57 	0 	0
2.7978 	400.069 	30227 	0.263162 	292.587 	0 	0
2.80781 	400.032 	30229 	0.263204 	292.604 	0 	0
2.81782 	399.994 	30231 	0.263246 	292.621 	0 	0
2.82783 	399.957 	30233 	0.263288 	292.638 	0 	0
2.83784 	399.919 	30235 	0.26333 	292.655 	0 	0
2.84785 	399.882 	30237 	0.263372 	292.671 	0 	0
2.85786 	399.848 	30241.7 	0.263436 	292.714 	0 	0
2.86787 	399.814 	30247.2 	0.263506 	292.763 	0 	0
2.87788 	399.78 	30252.7 	0.263576 	292.812 	0 	0
2.88789 	399.747 	30258.2 	0.263646 	292.861 	0 	0
2.8979 	399.713 	30263.6 	0.263716 	292.91 	0 	0
2.90791 	399.679 	30269.1 	0.263786 	292.959 	0 	0
2.91792 	399.646 	30274.6 	0.263856 	293.008 	0 	0
2.92793 	399.612 	30280.1 	0.263926 	293.058 	0 	0
2.93794 	399.579 	30285.6 	0.263997 	293.107 	0 	0
2.94795 	399.545 	30291.1 	0.264067 	293.156 	0 	0
2.95796 	399.52 	30298.7 	0.264149 	293.224 	0 	0
2.96797 	399.498 	30306.9 	0.264236 	293.298 	0 	0
2.97798 	399.475 	30315 	0.264322 	293.371 	0 	0
2.98799 	399.453 	30323.2 	0.264408 	293.444 	0 	0
2.998 	399.43 	30331.4 	0.264494 	293.518 	0 	0
3.00801 	399.408 	30339.5 	0.26458 	293.591 	0 	0
3.01802 	399.386 	30347.7 	0.264666 	293.665 	0 	0
3.02803 	399.363 	30355.9 	0.264752 	293.738 	0 	0
3.03804 	399.341 	30364 	0.264838 	293.811 	0 	0
3.04805 	399.318 	30372.2 	0.264924 	293.885 	0 	0
3.05806 	399.287 	30376.3 	0.26498 	293.922 	0 	0
3.06807 	399.254 	30379.4 	0.26503 	293.952 	0 	0
3.07808 	399.221 	30382.5 	0.265079 	293.981 	0 	0
3.08809 	399.188 	30385.6 	0.265128 	294.01 	0 	0
3.0981 	399.154 	30388.7 	0.265177 	294.039 	0 	0
3.10811 	399.121 	30391.8 	0.265226 	294.068 	0 	0
3.11812 	399.088 	30394.9 	0.265275 	294.097 	0 	0
3.12813 	399.055 	30398 	0.265324 	294.126 	0 	0
3.13814 	399.021 	30401.1 	0.265373 	294.155 	0 	0
3.14815 	398.988 	30404.2 	0.265422 	294.185 	0 	0
3.15816 	398.945 	30403.4 	0.265443 	294.175 	0 	0
3.16817 	398.9 	30401.6 	0.265458 	294.158 	0 	0
3.17818 	398.855 	30399.8 	0.265472 	294.14 	0 	0
3.18819 	398.81 	30398.1 	0.265487 	294.122 	0 	0
3.1982 	398.765 	30396.3 	0.265502 	294.104 	0 	0
3.20821 	398.72 	30394.6 	0.265517 	294.086 	0 	0
3.21822 	398.675 	30392.8 	0.265531 	294.069 	0 	0
3.22823 	398.63 	30391 	0.265546 	294.051 	0 	0
3.23824 	398.585 	30389.3 	0.265561 	294.033 	0 	0
3.24825 	398.54 	30387.5 	0.265575 	294.015 	0 	0
3.25826 	398.496 	30384.4 	0.265577 	293.984 	0 	0
3.26827 	398.453 	30380.9 	0.265576 	293.949 	0 	0
3.27828 	398.409 	30377.5 	0.265575 	293.915 	0 	0
3.28829 	398.365 	30374.1 	0.265574 	293.88 	0 	0
3.2983 	398.322 	30370.6 	0.265573 	293.846 	0 	0
3.30831 	398.278 	30367.2 	0.265572 	293.811 	0 	0
3.31832 	398.235 	30363.8 	0.265571 	293.777 	0 	0
3.32833 	398.191 	30360.3 	0.26557 	293.743 	0 	0
3.33834 	398.148 	30356.9 	0.265569 	293.708 	0 	0
3.34835 	398.104 	30353.5 	0.265568 	293.674 	0 	0
3.35836 	398.063 	30348.6 	0.265553 	293.627 	0 	0
3.36837 	398.022 	30343.4 	0.265535 	293.577 	0 	0
3.37838 	397.981 	30338.2 	0.265517 	293.527 	0 	0
3.38839 	397.94 	30333.1 	0.265499 	293.478 	0 	0
3.3984 	397.899 	30327.9 	0.265481 	293.428 	0 	0
3.40841 	397.858 	30322.7 	0.265463 	293.378 	0 	0
3.41842 	397.817 	30317.5 	0.265445 	293.329 	0 	0
3.42843 	397.776 	30312.4 	0.265427 	293.279 	0 	0
3.43844 	397.735 	30307.2 	0.265409 	293.229 	0 	0
3.44845 	397.694 	30302 	0.265391 	293.18 	0 	0
3.45846 	397.658 	30296.3 	0.265365 	293.125 	0 	0
3.46847 	397.622 	30290.5 	0.265339 	293.069 	0 	0
3.47848 	397.587 	30284.8 	0.265312 	293.014 	0 	0
3.48849 	397.551 	30279 	0.265285 	292.958 	0 	0
3.4985 	397.515 	30273.2 	0.265258 	292.902 	0 	0
3.50851 	397.48 	30267.4 	0.265231 	292.847 	0 	0
3.51852 	397.444 	30261.7 	0.265204 	292.791 	0 	0
3.52853 	397.408 	30255.9 	0.265178 	292.735 	0 	0
3.53854 	397.373 	30250.1 	0.265151 	292.68 	0 	0
3.54855 	397.337 	30244.3 	0.265124 	292.624 	0 	0
3.55856 	397.282 	30232.1 	0.265054 	292.508 	0 	0
3.56857 	397.222 	30218.9 	0.264977 	292.382 	0 	0
3.57858 	397.163 	30205.6 	0.2649 	292.256 	0 	0
3.58859 	397.104 	30192.3 	0.264822 	292.13 	0 	0
3.5986 	397.045 	30179 	0.264745 	292.004 	0 	0
3.60861 	396.986 	30165.7 	0.264668 	291.878 	0 	0
3.61862 	396.927 	30152.4 	0.264591 	291.751 	0 	0
3.62863 	396.868 	30139.2 	0.264514 	291.625 	0 	0
3.63864 	396.809 	30125.9 	0.264437 	291.499 	0 	0
3.64865 	396.75 	30112.6 	0.264359 	291.373 	0 	0
3.65866 	396.484 	30043.6 	0.263928 	290.722 	0 	0
3.66867 	396.186 	29965.9 	0.26344 	289.988 	0 	0
3.67868 	395.888 	29888.2 	0.262953 	289.255 	0 	0
3.68869 	395.59 	29810.5 	0.262466 	288.521 	0 	0
3.6987 	395.292 	29732.8 	0.261979 	287.788 	0 	0
3.70871 	394.994 	29655.1 	0.261492 	287.054 	0 	0
3.71872 	394.696 	29577.4 	0.261004 	286.321 	0 	0
3.72873 	394.397 	29499.7 	0.260517 	285.588 	0 	0
3.73874 	394.099 	29422 	0.26003 	284.854 	0 	0
3.74875 	393.801 	29344.3 	0.259543 	284.121 	0 	0
3.75876 	392.133 	28937.5 	0.256924 	280.011 	0 	0
3.76877 	390.269 	28483.8 	0.254 	275.419 	0 	0
3.77878 	388.405 	28030 	0.251076 	270.827 	0 	0
3.78879 	386.541 	27576.2 	0.248152 	266.235 	0 	0
3.7988 	384.677 	27122.4 	0.245228 	261.643 	0 	0
3.80881 	382.813 	26668.6 	0.242305 	257.05 	0 	0
3.81882 	380.949 	26214.8 	0.239381 	252.458 	0 	0
3.82883 	379.084 	25761.1 	0.236457 	247.866 	0 	0
3.83884 	377.22 	25307.3 	0.233533 	243.274 	0 	0
3.84885 	375.356 	24853.5 	0.230609 	238.682 	0 	0
3.85886 	370.17 	23899.1 	0.224012 	225.554 	0 	0
3.86887 	364.551 	22879.7 	0.216937 	211.316 	0 	0
3.87888 	358.933 	21860.3 	0.209862 	197.078 	0 	0
3.88889 	353.315 	20840.9 	0.202788 	182.841 	0 	0
3.8989 	347.697 	19821.4 	0.195713 	168.603 	0 	0
3.90891 	342.078 	18802 	0.188638 	154.365 	0 	0
3.91892 	336.46 	17782.6 	0.181563 	140.127 	0 	0
3.92893 	330.842 	16763.2 	0.174488 	125.89 	0 	0
3.93894 	325.223 	15743.8 	0.167414 	111.652 	0 	0
3.94895 	319.605 	14724.3 	0.160339 	97.4143 	0 	0
3.95896 	315.59 	14222.2 	0.156641 	87.7664 	0 	0
3.96897 	311.763 	13780.7 	0.15334 	78.6569 	0 	0
3.97898 	307.936 	13339.2 	0.150039 	69.5475 	0 	0
3.98899 	304.109 	12897.8 	0.146737 	60.4381 	0 	0
3.999 	300.282 	12456.3 	0.143436 	51.3287 	0 	0
4.00901 	296.455 	12014.8 	0.140135 	42.2193 	0 	0
4.01902 	292.628 	11573.4 	0.136834 	33.1098 	0 	0
4.02903 	288.801 	11131.9 	0.133532 	24.0004 	0 	0
4.03904 	284.974 	10690.4 	0.130231 	14.891 	0 	0
4.04905 	281.147 	10248.9 	0.12693 	5.78157 	0 	0
4.05906 	280.599 	10188.3 	0.126466 	4.47213 	0 	0
4.06907 	280.396 	10167.6 	0.1263 	3.98147 	0 	0
4.07908 	280.192 	10147 	0.126135 	3.49082 	0 	0
4.08909 	279.989 	10126.3 	0.125969 	3.00016 	0 	0
4.0991 	279.785 	10105.7 	0.125803 	2.50951 	0 	0
4.10911 	279.582 	10085 	0.125638 	2.01885 	0 	0
4.11912 	279.378 	10064.3 	0.125472 	1.5282 	0 	0
4.12913 	279.175 	10043.7 	0.125306 	1.03754 	0 	0
4.13914 	278.972 	10023 	0.125141 	0.546888 	0 	0
4.14915 	278.768 	10002.4 	0.124975 	0.056233 	0 	0
4.15916 	278.751 	10000.5 	0.12496 	0.0131969 	0 	0
4.16917 	278.75 	10000.5 	0.12496 	0.0117428 	0 	0
4.17918 	278.75 	10000.4 	0.124959 	0.0102888 	0 	0
4.18919 	278.749 	10000.4 	0.124959 	0.00883479 	0 	0
4.1992 	278.749 	10000.3 	0.124958 	0.00738076 	0 	0
4.20921 	278.748 	10000.2 	0.124957 	0.00592673 	0 	0
4.21922 	278.748 	10000.2 	0.124957 	0.00447271 	0 	0
4.22923 	278.747 	10000.1 	0.124956 	0.00301868 	0 	0
4.23924 	278.747 	10000.1 	0.124956 	0.00156465 	0 	0
4.24925 	278.746 	10000 	0.124955 	0.000110625 	0 	0
4.25926 	278.746 	10000 	0.124955 	1.42762e-06 	0 	0
4.26927 	278.746 	10000 	0.124955 	1.27013e-06 	0 	0
4.27928 	278.746 	10000 	0.124955 	1.11265e-06 	0 	0
4.28929 	278.746 	10000 	0.124955 	9.55166e-07 	0 	0
4.2993 	278.746 	10000 	0.124955 	7.97682e-07 	0 	0
4.30931 	278.746 	10000 	0.124955 	6.40199e-07 	0 	0
4.31932 	278.746 	10000 	0.124955 	4.82715e-07 	0 	0
4.32933 	278.746 	10000 	0.124955 	3.25231e-07 	0 	0
4.33934 	278.746 	10000 	0.124955 	1.67747e-07 	0 	0
4.34935 	278.746 	10000 	0.124955 	1.02633e-08 	0 	0
4.35936 	278.746 	10000 	0.124955 	2.43685e-11 	0 	0
4.36937 	278.746 	10000 	0.124955 	2.16722e-11 	0 	0
4.37938 	278.746 	10000 	0.124955 	1.89759e-11 	0 	0
4.38939 	278.746 	10000 	0.124955 	1.62795e-11 	0 	0
4.3994 	278.746 	10000 	0.124955 	1.35832e-11 	0 	0
4.40941 	278.746 	10000 	0.124955 	1.08869e-11 	0 	0
4.41942 	278.746 	10000 	0.124955 	8.19053e-12 	0 	0
4.42943 	278.746 	10000 	0.124955 	5.4942e-12 	0 	0
4.43944 	278.746 	10000 	0.124955 	2.79787e-12 	0 	0
4.44945 	278.746 	10000 	0.124955 	1.01538e-13 	0 	0
4.45946 	278.746 	10000 	0.124955 	-4.23268e-14 	0 	0
4.46947 	278.746 	10000 	0.124955 	-3.7635e-14 	0 	0
4.47948 	278.746 	10000 	0.124955 	-3.29432e-14 	0 	0
4.48949 	278.746 	10000 	0.124955 	-2.82514e-14 	0 	0
4.4995 	278.746 	10000 	0.124955 	-2.35596e-14 	0 	0
4.50951 	278.746 	10000 	0.124955 	-1.88678e-14 	0 	0
4.51952 	278.746 	10000 	0.124955 	-1.4176e-14 	0 	0
4.52953 	278.746 	10000 	0.124955 	-9.48424e-15 	0 	0
4.53954 	278.746 	10000 	0.124955 	-4.79243e-15 	0 	0
4.54955 	278.746 	10000 	0.124955 	-1.00633e-16 	0 	0
4.55956 	278.746 	10000 	0.124955 	-3.76736e-15 	0 	0
4.56957 	278.746 	10000 	0.124955 	-7.82794e-15 	0 	0
4.57958 	278.746 	10000 	0.124955 	-1.18885e-14 	0 	0
4.58959 	278.746 	10000 	0.124955 	-1.59491e-14 	0 	0
4.5996 	278.746 	10000 	0.124955 	-2.00097e-14 	0 	0
4.60961 	278.746 	10000 	0.124955 	-2.40703e-14 	0 	0
4.61962 	278.746 	10000 	0.124955 	-2.81308e-14 	0 	0
4.62963 	278.746 	10000 	0.124955 	-3.21914e-14 	0 	0
4.63964 	278.746 	10000 	0.124955 	-3.6252e-14 	0 	0
4.64965 	278.746 	10000 	0.124955 	-4.03126e-14 	0 	0
4.65966 	278.746 	10000 	0.124955 	-3.03089e-14 	0 	0
4.66967 	278.746 	10000 	0.124955 	-1.97952e-14 	0 	0
4.67968 	278.746 	10000 	0.124955 	-9.28142e-15 	0 	0
4.68969 	278.746 	10000 	0.124955 	1.23233e-15 	0 	0
4.6997 	278.746 	10000 	0.124955 	1.17461e-14 	0 	0
4.70971 	278.746 	10000 	0.124955 	2.22598e-14 	0 	0
4.71972 	278.746 	10000 	0.124955 	3.27736e-14 	0 	0
4.72973 	278.746 	10000 	0.124955 	4.32873e-14 	0 	0
4.73974 	278.746 	10000 	0.124955 	5.38011e-14 	0 	0
4.74975 	278.746 	10000 	0.124955 	6.43149e-14 	0 	0
4.75976 	278.746 	10000 	0.124955 	2.83705e-14 	0 	0
4.76977 	278.746 	10000 	0.124955 	-8.76512e-15 	0 	0
4.77978 	278.746 	10000 	0.124955 	-4.59007e-14 	0 	0
4.78979 	278.746 	10000 	0.124955 	-8.30363e-14 	0 	0
4.7998 	278.746 	10000 	0.124955 	-1.20172e-13 	0 	0
4.80981 	278.746 	10000 	0.124955 	-1.57308e-13 	0 	0
4.81982 	278.746 	10000 	0.124955 	-1.94443e-13 	0 	0
4.82983 	278.746 	10000 	0.124955 	-2.31579e-13 	0 	0
4.83984 	278.746 	10000 	0.124955 	-2.68714e-13 	0 	0
4.84985 	278.746 	10000 	0.124955 	-3.0585e-13 	0 	0
4.85986 	278.746 	10000 	0.124955 	-3.34949e-13 	0 	0
4.86987 	278.746 	10000 	0.124955 	-3.63926e-13 	0 	0
4.87988 	278.746 	10000 	0.124955 	-3.92903e-13 	0 	0
4.88989 	278.746 	10000 	0.124955 	-4.2188e-13 	0 	0
4.8999 	278.746 	10000 	0.124955 	-4.50857e-13 	0 	0
4.90991 	278.746 	10000 	0.124955 	-4.79834e-13 	0 	0
4.91992 	278.746 	10000 	0.124955 	-5.08811e-13 	0 	0
4.92993 	278.746 	10000 	0.124955 	-5.37788e-13 	0 	0
4.93994 	278.746 	10000 	0.124955 	-5.66765e-13 	0 	0
4.94995 	278.746 	10000 	0.124955 	-5.95742e-13 	0 	0
4.95996 	278.746 	10000 	0.124955 	-5.95887e-13 	0 	0
4.96997 	278.746 	10000 	0.124955 	-5.95887e-13 	0 	0
4.97998 	278.746 	10000 	0.124955 	-5.95887e-13 	0 	0
4.98999 	278.746 	10000 	0.124955 	-5.95887e-13 	0 	0
5 	278.746 	10000 	0.124955 	-5.95887e-13 	0 	0
