0.0244 	1.02 	1 	0.0096288 	0.628624 	-0.00846558 	0
0.0244 	1.04 	1 	0.0096288 	0.628624 	-0.00846558 	0
0.0244 	1.06 	1 	0.0096288 	0.628624 	-0.00846558 	0
0.0244 	1.09 	1 	0.0096288 	0.628624 	-0.00846558 	0
0.0244 	1.11 	1 	0.0096288 	0.628624 	-0.00846558 	0
0.0244 	1.14 	1 	0.00983055 	0.775141 	-0.0040637 	0
0.0244 	1.16 	1 	0.00983055 	0.775141 	-0.0040637 	0
0.0244 	1.19 	1 	0.00983055 	0.775141 	-0.0040637 	0
0.0244 	1.21 	1 	0.00983055 	0.775141 	-0.0040637 	0
0.0244 	1.23 	1 	0.00983055 	0.775141 	-0.0040637 	0
0.0244 	1.26 	1 	0.00757882 	0.851047 	-0.00366064 	0
0.0244 	1.28 	1 	0.00757882 	0.851047 	-0.00366064 	0
0.0244 	1.31 	1 	0.00757882 	0.851047 	-0.00366064 	0
0.0244 	1.33 	1 	0.00757882 	0.851047 	-0.00366064 	0
0.0244 	1.36 	1 	0.00757882 	0.851047 	-0.00366064 	0
0.0244 	1.38 	1 	0.00609166 	0.900367 	-0.00379638 	0
0.0244 	1.41 	1 	0.00609166 	0.900367 	-0.00379638 	0
0.0244 	1.43 	1 	0.00609166 	0.900367 	-0.00379638 	0
0.0244 	1.45 	1 	0.00609166 	0.900367 	-0.00379638 	0
0.0244 	1.48 	1 	0.00609166 	0.900367 	-0.00379638 	0
0.0244 	1.5 	1 	0.00609166 	0.900367 	-0.00379638 	0
0.0244 	1.53 	1 	0.00489847 	0.936567 	-0.00399898 	0
0.0244 	1.55 	1 	0.00489847 	0.936567 	-0.00399898 	0
0.0244 	1.58 	1 	0.00489847 	0.936567 	-0.00399898 	0
0.0244 	1.6 	1 	0.00489847 	0.936567 	-0.00399898 	0
0.0244 	1.63 	1 	0.00393341 	0.962768 	-0.00391845 	0
0.0244 	1.65 	1 	0.00393341 	0.962768 	-0.00391845 	0
0.0244 	1.67 	1 	0.00393341 	0.962768 	-0.00391845 	0
0.0244 	1.7 	1 	0.00393341 	0.962768 	-0.00391845 	0
0.0244 	1.72 	1 	0.00393341 	0.962768 	-0.00391845 	0
0.0244 	1.75 	1 	0.00393341 	0.962768 	-0.00391845 	0
0.0244 	1.77 	1 	0.00324565 	0.97844 	-0.00349306 	0
0.0244 	1.8 	1 	0.00324565 	0.97844 	-0.00349306 	0
0.0244 	1.82 	1 	0.00324565 	0.97844 	-0.00349306 	0
0.0244 	1.85 	1 	0.00324565 	0.97844 	-0.00349306 	0
0.0244 	1.87 	1 	0.00324565 	0.97844 	-0.00349306 	0
0.0244 	1.89 	1 	0.00289312 	0.985172 	-0.00290703 	0
0.0244 	1.92 	1 	0.00289312 	0.985172 	-0.00290703 	0
0.0244 	1.94 	1 	0.00289312 	0.985172 	-0.00290703 	0
0.0244 	1.97 	1 	0.00289312 	0.985172 	-0.00290703 	0
0.0244 	1.99 	1 	0.00289312 	0.985172 	-0.00290703 	0
0.0244 	2.02 	1 	0.00285049 	0.98479 	-0.00223735 	0
0.0244 	2.04 	1 	0.00285049 	0.98479 	-0.00223735 	0
0.0244 	2.07 	1 	0.00285049 	0.98479 	-0.00223735 	0
0.0244 	2.09 	1 	0.00285049 	0.98479 	-0.00223735 	0
0.0244 	2.12 	1 	0.00285049 	0.98479 	-0.00223735 	0
0.0244 	2.14 	1 	0.00314236 	0.976231 	-0.00152461 	0
0.0244 	2.16 	1 	0.00314236 	0.976231 	-0.00152461 	0
0.0244 	2.19 	1 	0.00314236 	0.976231 	-0.00152461 	0
0.0244 	2.21 	1 	0.00314236 	0.976231 	-0.00152461 	0
0.0244 	2.24 	1 	0.00314236 	0.976231 	-0.00152461 	0
0.0244 	2.26 	1 	0.00380389 	0.95559 	-0.000859956 	0
0.0244 	2.29 	1 	0.00380389 	0.95559 	-0.000859956 	0
0.0244 	2.31 	1 	0.00380389 	0.95559 	-0.000859956 	0
0.0244 	2.34 	1 	0.00380389 	0.95559 	-0.000859956 	0
0.0244 	2.36 	1 	0.00380389 	0.95559 	-0.000859956 	0
0.0244 	2.38 	1 	0.00477801 	0.922926 	-0.000384092 	0
0.0244 	2.41 	1 	0.00477801 	0.922926 	-0.000384092 	0
0.0244 	2.43 	1 	0.00477801 	0.922926 	-0.000384092 	0
0.0244 	2.46 	1 	0.00477801 	0.922926 	-0.000384092 	0
0.0244 	2.48 	1 	0.00477801 	0.922926 	-0.000384092 	0
0.0244 	2.51 	1 	0.00623547 	0.880248 	0.000229643 	0
0.0244 	2.53 	1 	0.00623547 	0.880248 	0.000229643 	0
0.0244 	2.55 	1 	0.00623547 	0.880248 	0.000229643 	0
0.0244 	2.58 	1 	0.00623547 	0.880248 	0.000229643 	0
0.0244 	2.6 	1 	0.00623547 	0.880248 	0.000229643 	0
0.0244 	2.63 	1 	0.00855226 	0.821551 	0.0013642 	0
0.0244 	2.65 	1 	0.00855226 	0.821551 	0.0013642 	0
0.0244 	2.68 	1 	0.00855226 	0.821551 	0.0013642 	0
0.0244 	2.7 	1 	0.00855226 	0.821551 	0.0013642 	0
0.0244 	2.73 	1 	0.00855226 	0.821551 	0.0013642 	0
0.0244 	2.75 	1 	0.00855226 	0.821551 	0.0013642 	0
0.0244 	2.78 	1 	0.0121185 	0.733387 	0.00217551 	0
0.0244 	2.8 	1 	0.0121185 	0.733387 	0.00217551 	0
0.0244 	2.82 	1 	0.0121185 	0.733387 	0.00217551 	0
0.0244 	2.85 	1 	0.0121185 	0.733387 	0.00217551 	0
0.0244 	2.87 	1 	0.0121185 	0.733387 	0.00217551 	0
0.0244 	2.9 	1 	0.00881048 	0.568104 	0.0036692 	0
0.0244 	2.92 	1 	0.00881048 	0.568104 	0.0036692 	0
0.0244 	2.95 	1 	0.00881048 	0.568104 	0.0036692 	0
0.0244 	2.96 	1 	0.00881048 	0.568104 	0.0036692 	0
1 	0.017 	1 	0.00320159 	-0.122723 	0.0128991 	0
1 	0.0413 	1 	0.00320159 	-0.122723 	0.0128991 	0
1 	0.0609 	1 	0.00320159 	-0.122723 	0.0128991 	0
1 	0.0849 	1 	0.00320159 	-0.122723 	0.0128991 	0
1 	0.112 	1 	0.00320159 	-0.122723 	0.0128991 	0
1 	0.134 	1 	0.0047444 	-0.112593 	0.0266619 	0
1 	0.16 	1 	0.0047444 	-0.112593 	0.0266619 	0
1 	0.183 	1 	0.0047444 	-0.112593 	0.0266619 	0
1 	0.207 	1 	0.0047444 	-0.112593 	0.0266619 	0
1 	0.233 	1 	0.0047444 	-0.112593 	0.0266619 	0
1 	0.256 	1 	0.006225 	-0.0814113 	0.0358026 	0
1 	0.281 	1 	0.006225 	-0.0814113 	0.0358026 	0
1 	0.305 	1 	0.006225 	-0.0814113 	0.0358026 	0
1 	0.331 	1 	0.006225 	-0.0814113 	0.0358026 	0
1 	0.355 	1 	0.006225 	-0.0814113 	0.0358026 	0
1 	0.378 	1 	0.0068073 	-0.0462956 	0.0404655 	0
1 	0.404 	1 	0.0068073 	-0.0462956 	0.0404655 	0
1 	0.429 	1 	0.0068073 	-0.0462956 	0.0404655 	0
1 	0.452 	1 	0.0068073 	-0.0462956 	0.0404655 	0
1 	0.476 	1 	0.0068073 	-0.0462956 	0.0404655 	0
1 	0.502 	1 	0.00690891 	-0.008686 	0.0411064 	0
1 	0.525 	1 	0.00690891 	-0.008686 	0.0411064 	0
1 	0.55 	1 	0.00690891 	-0.008686 	0.0411064 	0
1 	0.575 	1 	0.00690891 	-0.008686 	0.0411064 	0
1 	0.599 	1 	0.00690891 	-0.008686 	0.0411064 	0
1 	0.623 	1 	0.00690891 	-0.008686 	0.0411064 	0
1 	0.648 	1 	0.00726472 	0.0360777 	0.0365107 	0
1 	0.673 	1 	0.00726472 	0.0360777 	0.0365107 	0
1 	0.697 	1 	0.00726472 	0.0360777 	0.0365107 	0
1 	0.721 	1 	0.00726472 	0.0360777 	0.0365107 	0
1 	0.746 	1 	0.00726472 	0.0360777 	0.0365107 	0
1 	0.77 	1 	0.00990358 	0.11016 	0.0246784 	0
1 	0.795 	1 	0.00990358 	0.11016 	0.0246784 	0
1 	0.819 	1 	0.00990358 	0.11016 	0.0246784 	0
1 	0.844 	1 	0.00990358 	0.11016 	0.0246784 	0
1 	0.868 	1 	0.00990358 	0.11016 	0.0246784 	0
1 	0.892 	1 	0.0185408 	0.27781 	-0.00309909 	0
1 	0.917 	1 	0.0185408 	0.27781 	-0.00309909 	0
1 	0.942 	1 	0.0185408 	0.27781 	-0.00309909 	0
1 	0.966 	1 	0.0185408 	0.27781 	-0.00309909 	0
1 	0.991 	1 	0.0185408 	0.27781 	-0.00309909 	0
1 	1.01 	1 	0.0147766 	0.613808 	-0.0144432 	0
1 	1.04 	1 	0.0147766 	0.613808 	-0.0144432 	0
1 	1.06 	1 	0.0147766 	0.613808 	-0.0144432 	0
1 	1.09 	1 	0.0147766 	0.613808 	-0.0144432 	0
1 	1.11 	1 	0.0147766 	0.613808 	-0.0144432 	0
1 	1.14 	1 	0.0101837 	0.777988 	-0.00655324 	0
1 	1.16 	1 	0.0101837 	0.777988 	-0.00655324 	0
1 	1.19 	1 	0.0101837 	0.777988 	-0.00655324 	0
1 	1.21 	1 	0.0101837 	0.777988 	-0.00655324 	0
1 	1.24 	1 	0.0101837 	0.777988 	-0.00655324 	0
1 	1.26 	1 	0.00766794 	0.855336 	-0.0106303 	0
1 	1.28 	1 	0.00766794 	0.855336 	-0.0106303 	0
1 	1.31 	1 	0.00766794 	0.855336 	-0.0106303 	0
1 	1.33 	1 	0.00766794 	0.855336 	-0.0106303 	0
1 	1.36 	1 	0.00766794 	0.855336 	-0.0106303 	0
1 	1.38 	1 	0.00615862 	0.904162 	-0.0100259 	0
1 	1.41 	1 	0.00615862 	0.904162 	-0.0100259 	0
1 	1.43 	1 	0.00615862 	0.904162 	-0.0100259 	0
1 	1.45 	1 	0.00615862 	0.904162 	-0.0100259 	0
1 	1.48 	1 	0.00615862 	0.904162 	-0.0100259 	0
1 	1.5 	1 	0.00615862 	0.904162 	-0.0100259 	0
1 	1.53 	1 	0.00496134 	0.938076 	-0.0108687 	0
1 	1.55 	1 	0.00496134 	0.938076 	-0.0108687 	0
1 	1.58 	1 	0.00496134 	0.938076 	-0.0108687 	0
1 	1.6 	1 	0.00496134 	0.938076 	-0.0108687 	0
1 	1.63 	1 	0.00400551 	0.961451 	-0.0106562 	0
1 	1.65 	1 	0.00400551 	0.961451 	-0.0106562 	0
1 	1.67 	1 	0.00400551 	0.961451 	-0.0106562 	0
1 	1.7 	1 	0.00400551 	0.961451 	-0.0106562 	0
1 	1.72 	1 	0.00400551 	0.961451 	-0.0106562 	0
1 	1.75 	1 	0.00400551 	0.961451 	-0.0106562 	0
1 	1.77 	1 	0.00334564 	0.974995 	-0.0101893 	0
1 	1.8 	1 	0.00334564 	0.974995 	-0.0101893 	0
1 	1.82 	1 	0.00334564 	0.974995 	-0.0101893 	0
1 	1.85 	1 	0.00334564 	0.974995 	-0.0101893 	0
1 	1.87 	1 	0.00334564 	0.974995 	-0.0101893 	0
1 	1.89 	1 	0.00301953 	0.980487 	-0.00938533 	0
1 	1.92 	1 	0.00301953 	0.980487 	-0.00938533 	0
1 	1.94 	1 	0.00301953 	0.980487 	-0.00938533 	0
1 	1.97 	1 	0.00301953 	0.980487 	-0.00938533 	0
1 	1.99 	1 	0.00301953 	0.980487 	-0.00938533 	0
1 	2.02 	1 	0.00298427 	0.979315 	-0.00850273 	0
1 	2.04 	1 	0.00298427 	0.979315 	-0.00850273 	0
1 	2.07 	1 	0.00298427 	0.979315 	-0.00850273 	0
1 	2.09 	1 	0.00298427 	0.979315 	-0.00850273 	0
1 	2.11 	1 	0.00298427 	0.979315 	-0.00850273 	0
1 	2.14 	1 	0.00329479 	0.97019 	-0.0073645 	0
1 	2.16 	1 	0.00329479 	0.97019 	-0.0073645 	0
1 	2.19 	1 	0.00329479 	0.97019 	-0.0073645 	0
1 	2.21 	1 	0.00329479 	0.97019 	-0.0073645 	0
1 	2.24 	1 	0.00329479 	0.97019 	-0.0073645 	0
1 	2.26 	1 	0.00399514 	0.949704 	-0.00618455 	0
1 	2.29 	1 	0.00399514 	0.949704 	-0.00618455 	0
1 	2.31 	1 	0.00399514 	0.949704 	-0.00618455 	0
1 	2.33 	1 	0.00399514 	0.949704 	-0.00618455 	0
1 	2.36 	1 	0.00399514 	0.949704 	-0.00618455 	0
1 	2.38 	1 	0.00508808 	0.916864 	-0.00492518 	0
1 	2.41 	1 	0.00508808 	0.916864 	-0.00492518 	0
1 	2.43 	1 	0.00508808 	0.916864 	-0.00492518 	0
1 	2.46 	1 	0.00508808 	0.916864 	-0.00492518 	0
1 	2.48 	1 	0.00508808 	0.916864 	-0.00492518 	0
1 	2.51 	1 	0.00666273 	0.872462 	-0.00362107 	0
1 	2.53 	1 	0.00666273 	0.872462 	-0.00362107 	0
1 	2.55 	1 	0.00666273 	0.872462 	-0.00362107 	0
1 	2.58 	1 	0.00666273 	0.872462 	-0.00362107 	0
1 	2.6 	1 	0.00666273 	0.872462 	-0.00362107 	0
1 	2.63 	1 	0.00884556 	0.812013 	-0.00179585 	0
1 	2.65 	1 	0.00884556 	0.812013 	-0.00179585 	0
1 	2.68 	1 	0.00884556 	0.812013 	-0.00179585 	0
1 	2.7 	1 	0.00884556 	0.812013 	-0.00179585 	0
1 	2.73 	1 	0.00884556 	0.812013 	-0.00179585 	0
1 	2.75 	1 	0.00884556 	0.812013 	-0.00179585 	0
1 	2.77 	1 	0.0112615 	0.726504 	-0.000379586 	0
1 	2.8 	1 	0.0112615 	0.726504 	-0.000379586 	0
1 	2.82 	1 	0.0112615 	0.726504 	-0.000379586 	0
1 	2.85 	1 	0.0112615 	0.726504 	-0.000379586 	0
1 	2.87 	1 	0.0112615 	0.726504 	-0.000379586 	0
1 	2.9 	1 	0.00875396 	0.57856 	0.00125318 	0
1 	2.92 	1 	0.00875396 	0.57856 	0.00125318 	0
1 	2.95 	1 	0.00875396 	0.57856 	0.00125318 	0
1 	2.96 	1 	0.00875396 	0.57856 	0.00125318 	0
2.02 	0.0212 	1 	0.00755424 	-0.213649 	0.00138927 	0
2.02 	0.0373 	1 	0.00755424 	-0.213649 	0.00138927 	0
2.02 	0.0616 	1 	0.00755424 	-0.213649 	0.00138927 	0
2.02 	0.0861 	1 	0.00755424 	-0.213649 	0.00138927 	0
2.02 	0.11 	1 	0.00755424 	-0.213649 	0.00138927 	0
2.02 	0.134 	1 	0.0148397 	-0.165007 	0.00326654 	0
2.02 	0.159 	1 	0.0148397 	-0.165007 	0.00326654 	0
2.02 	0.183 	1 	0.0148397 	-0.165007 	0.00326654 	0
2.02 	0.208 	1 	0.0148397 	-0.165007 	0.00326654 	0
2.02 	0.232 	1 	0.0148397 	-0.165007 	0.00326654 	0
2.02 	0.257 	1 	0.0192336 	-0.111367 	0.00280765 	0
2.02 	0.28 	1 	0.0192336 	-0.111367 	0.00280765 	0
2.02 	0.306 	1 	0.0192336 	-0.111367 	0.00280765 	0
2.02 	0.33 	1 	0.0192336 	-0.111367 	0.00280765 	0
2.02 	0.355 	1 	0.0192336 	-0.111367 	0.00280765 	0
2.02 	0.379 	1 	0.0224245 	-0.0500939 	0.00113669 	0
2.02 	0.403 	1 	0.0224245 	-0.0500939 	0.00113669 	0
2.02 	0.428 	1 	0.0224245 	-0.0500939 	0.00113669 	0
2.02 	0.453 	1 	0.0224245 	-0.0500939 	0.00113669 	0
2.02 	0.477 	1 	0.0224245 	-0.0500939 	0.00113669 	0
2.02 	0.502 	1 	0.0250593 	0.0236615 	-0.00301652 	0
2.02 	0.526 	1 	0.0250593 	0.0236615 	-0.00301652 	0
2.02 	0.551 	1 	0.0250593 	0.0236615 	-0.00301652 	0
2.02 	0.574 	1 	0.0250593 	0.0236615 	-0.00301652 	0
2.02 	0.6 	1 	0.0250593 	0.0236615 	-0.00301652 	0
2.02 	0.622 	1 	0.0250593 	0.0236615 	-0.00301652 	0
2.02 	0.648 	1 	0.0274576 	0.116785 	-0.0102809 	0
2.02 	0.673 	1 	0.0274576 	0.116785 	-0.0102809 	0
2.02 	0.697 	1 	0.0274576 	0.116785 	-0.0102809 	0
2.02 	0.721 	1 	0.0274576 	0.116785 	-0.0102809 	0
2.02 	0.746 	1 	0.0274576 	0.116785 	-0.0102809 	0
2.02 	0.77 	1 	0.0292696 	0.241425 	-0.0207695 	0
2.02 	0.795 	1 	0.0292696 	0.241425 	-0.0207695 	0
2.02 	0.818 	1 	0.0292696 	0.241425 	-0.0207695 	0
2.02 	0.844 	1 	0.0292696 	0.241425 	-0.0207695 	0
2.02 	0.868 	1 	0.0292696 	0.241425 	-0.0207695 	0
2.02 	0.893 	1 	0.0288459 	0.409479 	-0.0327603 	0
2.02 	0.917 	1 	0.0288459 	0.409479 	-0.0327603 	0
2.02 	0.943 	1 	0.0288459 	0.409479 	-0.0327603 	0
2.02 	0.966 	1 	0.0288459 	0.409479 	-0.0327603 	0
2.02 	0.991 	1 	0.0288459 	0.409479 	-0.0327603 	0
2.02 	1.01 	1 	0.0203663 	0.611475 	-0.0378496 	0
2.02 	1.04 	1 	0.0203663 	0.611475 	-0.0378496 	0
2.02 	1.06 	1 	0.0203663 	0.611475 	-0.0378496 	0
2.02 	1.09 	1 	0.0203663 	0.611475 	-0.0378496 	0
2.02 	1.11 	1 	0.0203663 	0.611475 	-0.0378496 	0
2.02 	1.14 	1 	0.0117048 	0.770977 	-0.0352845 	0
2.02 	1.16 	1 	0.0117048 	0.770977 	-0.0352845 	0
2.02 	1.19 	1 	0.0117048 	0.770977 	-0.0352845 	0
2.02 	1.21 	1 	0.0117048 	0.770977 	-0.0352845 	0
2.02 	1.23 	1 	0.0117048 	0.770977 	-0.0352845 	0
2.02 	1.26 	1 	0.00768257 	0.855124 	-0.0347008 	0
2.02 	1.28 	1 	0.00768257 	0.855124 	-0.0347008 	0
2.02 	1.31 	1 	0.00768257 	0.855124 	-0.0347008 	0
2.02 	1.33 	1 	0.00768257 	0.855124 	-0.0347008 	0
2.02 	1.36 	1 	0.00768257 	0.855124 	-0.0347008 	0
2.02 	1.38 	1 	0.00591715 	0.902114 	-0.0331791 	0
2.02 	1.41 	1 	0.00591715 	0.902114 	-0.0331791 	0
2.02 	1.43 	1 	0.00591715 	0.902114 	-0.0331791 	0
2.02 	1.46 	1 	0.00591715 	0.902114 	-0.0331791 	0
2.02 	1.48 	1 	0.00591715 	0.902114 	-0.0331791 	0
2.02 	1.5 	1 	0.00591715 	0.902114 	-0.0331791 	0
2.02 	1.53 	1 	0.004769 	0.932575 	-0.0320437 	0
2.02 	1.55 	1 	0.004769 	0.932575 	-0.0320437 	0
2.02 	1.58 	1 	0.004769 	0.932575 	-0.0320437 	0
2.02 	1.6 	1 	0.004769 	0.932575 	-0.0320437 	0
2.02 	1.63 	1 	0.0039159 	0.952061 	-0.0300554 	0
2.02 	1.65 	1 	0.0039159 	0.952061 	-0.0300554 	0
2.02 	1.67 	1 	0.0039159 	0.952061 	-0.0300554 	0
2.02 	1.7 	1 	0.0039159 	0.952061 	-0.0300554 	0
2.02 	1.72 	1 	0.0039159 	0.952061 	-0.0300554 	0
2.02 	1.75 	1 	0.0039159 	0.952061 	-0.0300554 	0
2.02 	1.77 	1 	0.00336881 	0.962763 	-0.0279476 	0
2.02 	1.8 	1 	0.00336881 	0.962763 	-0.0279476 	0
2.02 	1.82 	1 	0.00336881 	0.962763 	-0.0279476 	0
2.02 	1.85 	1 	0.00336881 	0.962763 	-0.0279476 	0
2.02 	1.87 	1 	0.00336881 	0.962763 	-0.0279476 	0
2.02 	1.9 	1 	0.00314011 	0.966426 	-0.0255492 	0
2.02 	1.92 	1 	0.00314011 	0.966426 	-0.0255492 	0
2.02 	1.94 	1 	0.00314011 	0.966426 	-0.0255492 	0
2.02 	1.97 	1 	0.00314011 	0.966426 	-0.0255492 	0
2.02 	1.99 	1 	0.00314011 	0.966426 	-0.0255492 	0
2.02 	2.02 	1 	0.00316787 	0.963844 	-0.0230644 	0
2.02 	2.04 	1 	0.00316787 	0.963844 	-0.0230644 	0
2.02 	2.07 	1 	0.00316787 	0.963844 	-0.0230644 	0
2.02 	2.09 	1 	0.00316787 	0.963844 	-0.0230644 	0
2.02 	2.11 	1 	0.00316787 	0.963844 	-0.0230644 	0
2.02 	2.14 	1 	0.00355378 	0.953076 	-0.02034 	0
2.02 	2.16 	1 	0.00355378 	0.953076 	-0.02034 	0
2.02 	2.19 	1 	0.00355378 	0.953076 	-0.02034 	0
2.02 	2.21 	1 	0.00355378 	0.953076 	-0.02034 	0
2.02 	2.24 	1 	0.00355378 	0.953076 	-0.02034 	0
2.02 	2.26 	1 	0.00434564 	0.931384 	-0.0174705 	0
2.02 	2.29 	1 	0.00434564 	0.931384 	-0.0174705 	0
2.02 	2.31 	1 	0.00434564 	0.931384 	-0.0174705 	0
2.02 	2.34 	1 	0.00434564 	0.931384 	-0.0174705 	0
2.02 	2.36 	1 	0.00434564 	0.931384 	-0.0174705 	0
2.02 	2.38 	1 	0.00554798 	0.897434 	-0.0143805 	0
2.02 	2.41 	1 	0.00554798 	0.897434 	-0.0143805 	0
2.02 	2.43 	1 	0.00554798 	0.897434 	-0.0143805 	0
2.02 	2.46 	1 	0.00554798 	0.897434 	-0.0143805 	0
2.02 	2.48 	1 	0.00554798 	0.897434 	-0.0143805 	0
2.02 	2.51 	1 	0.00711394 	0.851075 	-0.0111672 	0
2.02 	2.53 	1 	0.00711394 	0.851075 	-0.0111672 	0
2.02 	2.55 	1 	0.00711394 	0.851075 	-0.0111672 	0
2.02 	2.58 	1 	0.00711394 	0.851075 	-0.0111672 	0
2.02 	2.6 	1 	0.00711394 	0.851075 	-0.0111672 	0
2.02 	2.63 	1 	0.00889495 	0.789749 	-0.00770826 	0
2.02 	2.65 	1 	0.00889495 	0.789749 	-0.00770826 	0
2.02 	2.68 	1 	0.00889495 	0.789749 	-0.00770826 	0
2.02 	2.7 	1 	0.00889495 	0.789749 	-0.00770826 	0
2.02 	2.73 	1 	0.00889495 	0.789749 	-0.00770826 	0
2.02 	2.75 	1 	0.00889495 	0.789749 	-0.00770826 	0
2.02 	2.77 	1 	0.010262 	0.706782 	-0.00439764 	0
2.02 	2.8 	1 	0.010262 	0.706782 	-0.00439764 	0
2.02 	2.82 	1 	0.010262 	0.706782 	-0.00439764 	0
2.02 	2.85 	1 	0.010262 	0.706782 	-0.00439764 	0
2.02 	2.87 	1 	0.010262 	0.706782 	-0.00439764 	0
2.02 	2.9 	1 	0.00845191 	0.567053 	-0.00143703 	0
2.02 	2.92 	1 	0.00845191 	0.567053 	-0.00143703 	0
2.02 	2.95 	1 	0.00845191 	0.567053 	-0.00143703 	0
2.02 	2.96 	1 	0.00845191 	0.567053 	-0.00143703 	0
3 	0.021 	1 	0.00990505 	-0.199804 	-0.0046349 	0
3 	0.041 	1 	0.00990505 	-0.199804 	-0.0046349 	0
3 	0.0614 	1 	0.00990505 	-0.199804 	-0.0046349 	0
3 	0.0862 	1 	0.00990505 	-0.199804 	-0.0046349 	0
3 	0.111 	1 	0.00990505 	-0.199804 	-0.0046349 	0
3 	0.135 	1 	0.0209901 	-0.142453 	-0.0088871 	0
3 	0.161 	1 	0.0209901 	-0.142453 	-0.0088871 	0
3 	0.184 	1 	0.0209901 	-0.142453 	-0.0088871 	0
3 	0.21 	1 	0.0209901 	-0.142453 	-0.0088871 	0
3 	0.229 	1 	0.0209901 	-0.142453 	-0.0088871 	0
3 	0.257 	1 	0.0274173 	-0.0822788 	-0.015728 	0
3 	0.28 	1 	0.0274173 	-0.0822788 	-0.015728 	0
3 	0.306 	1 	0.0274173 	-0.0822788 	-0.015728 	0
3 	0.329 	1 	0.0274173 	-0.0822788 	-0.015728 	0
3 	0.352 	1 	0.0274173 	-0.0822788 	-0.015728 	0
3 	0.378 	1 	0.0323068 	-0.0114898 	-0.0230446 	0
3 	0.405 	1 	0.0323068 	-0.0114898 	-0.0230446 	0
3 	0.428 	1 	0.0323068 	-0.0114898 	-0.0230446 	0
3 	0.452 	1 	0.0323068 	-0.0114898 	-0.0230446 	0
3 	0.476 	1 	0.0323068 	-0.0114898 	-0.0230446 	0
3 	0.503 	1 	0.0360069 	0.0743501 	-0.0310704 	0
3 	0.526 	1 	0.0360069 	0.0743501 	-0.0310704 	0
3 	0.55 	1 	0.0360069 	0.0743501 	-0.0310704 	0
3 	0.575 	1 	0.0360069 	0.0743501 	-0.0310704 	0
3 	0.6 	1 	0.0360069 	0.0743501 	-0.0310704 	0
3 	0.624 	1 	0.0360069 	0.0743501 	-0.0310704 	0
3 	0.649 	1 	0.0378835 	0.179369 	-0.0398314 	0
3 	0.672 	1 	0.0378835 	0.179369 	-0.0398314 	0
3 	0.697 	1 	0.0378835 	0.179369 	-0.0398314 	0
3 	0.721 	1 	0.0378835 	0.179369 	-0.0398314 	0
3 	0.746 	1 	0.0378835 	0.179369 	-0.0398314 	0
3 	0.769 	1 	0.0376008 	0.306425 	-0.0484445 	0
3 	0.796 	1 	0.0376008 	0.306425 	-0.0484445 	0
3 	0.819 	1 	0.0376008 	0.306425 	-0.0484445 	0
3 	0.843 	1 	0.0376008 	0.306425 	-0.0484445 	0
3 	0.868 	1 	0.0376008 	0.306425 	-0.0484445 	0
3 	0.893 	1 	0.0327974 	0.455998 	-0.0555703 	0
3 	0.917 	1 	0.0327974 	0.455998 	-0.0555703 	0
3 	0.942 	1 	0.0327974 	0.455998 	-0.0555703 	0
3 	0.965 	1 	0.0327974 	0.455998 	-0.0555703 	0
3 	0.991 	1 	0.0327974 	0.455998 	-0.0555703 	0
3 	1.01 	1 	0.0229469 	0.618399 	-0.0586083 	0
3 	1.04 	1 	0.0229469 	0.618399 	-0.0586083 	0
3 	1.06 	1 	0.0229469 	0.618399 	-0.0586083 	0
3 	1.09 	1 	0.0229469 	0.618399 	-0.0586083 	0
3 	1.11 	1 	0.0229469 	0.618399 	-0.0586083 	0
3 	1.14 	1 	0.0126907 	0.757483 	-0.0571183 	0
3 	1.16 	1 	0.0126907 	0.757483 	-0.0571183 	0
3 	1.19 	1 	0.0126907 	0.757483 	-0.0571183 	0
3 	1.21 	1 	0.0126907 	0.757483 	-0.0571183 	0
3 	1.24 	1 	0.0126907 	0.757483 	-0.0571183 	0
3 	1.26 	1 	0.00765961 	0.841559 	-0.0544059 	0
3 	1.28 	1 	0.00765961 	0.841559 	-0.0544059 	0
3 	1.31 	1 	0.00765961 	0.841559 	-0.0544059 	0
3 	1.33 	1 	0.00765961 	0.841559 	-0.0544059 	0
3 	1.36 	1 	0.00765961 	0.841559 	-0.0544059 	0
3 	1.38 	1 	0.00558031 	0.887559 	-0.0518136 	0
3 	1.41 	1 	0.00558031 	0.887559 	-0.0518136 	0
3 	1.43 	1 	0.00558031 	0.887559 	-0.0518136 	0
3 	1.45 	1 	0.00558031 	0.887559 	-0.0518136 	0
3 	1.48 	1 	0.00558031 	0.887559 	-0.0518136 	0
3 	1.5 	1 	0.00558031 	0.887559 	-0.0518136 	0
3 	1.53 	1 	0.00449191 	0.91552 	-0.0488855 	0
3 	1.55 	1 	0.00449191 	0.91552 	-0.0488855 	0
3 	1.58 	1 	0.00449191 	0.91552 	-0.0488855 	0
3 	1.6 	1 	0.00449191 	0.91552 	-0.0488855 	0
3 	1.63 	1 	0.00376597 	0.932624 	-0.0455609 	0
3 	1.65 	1 	0.00376597 	0.932624 	-0.0455609 	0
3 	1.67 	1 	0.00376597 	0.932624 	-0.0455609 	0
3 	1.7 	1 	0.00376597 	0.932624 	-0.0455609 	0
3 	1.72 	1 	0.00376597 	0.932624 	-0.0455609 	0
3 	1.75 	1 	0.00376597 	0.932624 	-0.0455609 	0
3 	1.77 	1 	0.00335764 	0.941768 	-0.0420167 	0
3 	1.8 	1 	0.00335764 	0.941768 	-0.0420167 	0
3 	1.82 	1 	0.00335764 	0.941768 	-0.0420167 	0
3 	1.85 	1 	0.00335764 	0.941768 	-0.0420167 	0
3 	1.87 	1 	0.00335764 	0.941768 	-0.0420167 	0
3 	1.89 	1 	0.00322407 	0.944425 	-0.0383229 	0
3 	1.92 	1 	0.00322407 	0.944425 	-0.0383229 	0
3 	1.94 	1 	0.00322407 	0.944425 	-0.0383229 	0
3 	1.97 	1 	0.00322407 	0.944425 	-0.0383229 	0
3 	1.99 	1 	0.00322407 	0.944425 	-0.0383229 	0
3 	2.02 	1 	0.00334094 	0.940781 	-0.0345273 	0
3 	2.04 	1 	0.00334094 	0.940781 	-0.0345273 	0
3 	2.07 	1 	0.00334094 	0.940781 	-0.0345273 	0
3 	2.09 	1 	0.00334094 	0.940781 	-0.0345273 	0
3 	2.12 	1 	0.00334094 	0.940781 	-0.0345273 	0
3 	2.14 	1 	0.00382055 	0.928432 	-0.0304485 	0
3 	2.16 	1 	0.00382055 	0.928432 	-0.0304485 	0
3 	2.19 	1 	0.00382055 	0.928432 	-0.0304485 	0
3 	2.21 	1 	0.00382055 	0.928432 	-0.0304485 	0
3 	2.24 	1 	0.00382055 	0.928432 	-0.0304485 	0
3 	2.26 	1 	0.00469679 	0.905222 	-0.026158 	0
3 	2.29 	1 	0.00469679 	0.905222 	-0.026158 	0
3 	2.31 	1 	0.00469679 	0.905222 	-0.026158 	0
3 	2.34 	1 	0.00469679 	0.905222 	-0.026158 	0
3 	2.36 	1 	0.00469679 	0.905222 	-0.026158 	0
3 	2.38 	1 	0.00593469 	0.869961 	-0.0216144 	0
3 	2.41 	1 	0.00593469 	0.869961 	-0.0216144 	0
3 	2.43 	1 	0.00593469 	0.869961 	-0.0216144 	0
3 	2.46 	1 	0.00593469 	0.869961 	-0.0216144 	0
3 	2.48 	1 	0.00593469 	0.869961 	-0.0216144 	0
3 	2.51 	1 	0.00738934 	0.82244 	-0.016882 	0
3 	2.53 	1 	0.00738934 	0.82244 	-0.016882 	0
3 	2.55 	1 	0.00738934 	0.82244 	-0.016882 	0
3 	2.58 	1 	0.00738934 	0.82244 	-0.016882 	0
3 	2.6 	1 	0.00738934 	0.82244 	-0.016882 	0
3 	2.63 	1 	0.00880278 	0.761085 	-0.012139 	0
3 	2.65 	1 	0.00880278 	0.761085 	-0.012139 	0
3 	2.68 	1 	0.00880278 	0.761085 	-0.012139 	0
3 	2.7 	1 	0.00880278 	0.761085 	-0.012139 	0
3 	2.73 	1 	0.00880278 	0.761085 	-0.012139 	0
3 	2.75 	1 	0.00880278 	0.761085 	-0.012139 	0
3 	2.78 	1 	0.00953045 	0.678956 	-0.00721564 	0
3 	2.8 	1 	0.00953045 	0.678956 	-0.00721564 	0
3 	2.82 	1 	0.00953045 	0.678956 	-0.00721564 	0
3 	2.85 	1 	0.00953045 	0.678956 	-0.00721564 	0
3 	2.87 	1 	0.00953045 	0.678956 	-0.00721564 	0
3 	2.9 	1 	0.00802412 	0.538901 	-0.00303861 	0
3 	2.92 	1 	0.00802412 	0.538901 	-0.00303861 	0
3 	2.95 	1 	0.00802412 	0.538901 	-0.00303861 	0
3 	2.96 	1 	0.00802412 	0.538901 	-0.00303861 	0
4.02 	0.0203 	1 	0.0107172 	-0.118526 	-0.00889181 	0
4.02 	0.0383 	1 	0.0107172 	-0.118526 	-0.00889181 	0
4.02 	0.0616 	1 	0.0107172 	-0.118526 	-0.00889181 	0
4.02 	0.0862 	1 	0.0107172 	-0.118526 	-0.00889181 	0
4.02 	0.111 	1 	0.0107172 	-0.118526 	-0.00889181 	0
4.02 	0.135 	1 	0.0242496 	-0.0586524 	-0.0168594 	0
4.02 	0.159 	1 	0.0242496 	-0.0586524 	-0.0168594 	0
4.02 	0.184 	1 	0.0242496 	-0.0586524 	-0.0168594 	0
4.02 	0.207 	1 	0.0242496 	-0.0586524 	-0.0168594 	0
4.02 	0.232 	1 	0.0242496 	-0.0586524 	-0.0168594 	0
4.02 	0.257 	1 	0.0316957 	0.00112083 	-0.027334 	0
4.02 	0.281 	1 	0.0316957 	0.00112083 	-0.027334 	0
4.02 	0.306 	1 	0.0316957 	0.00112083 	-0.027334 	0
4.02 	0.331 	1 	0.0316957 	0.00112083 	-0.027334 	0
4.02 	0.355 	1 	0.0316957 	0.00112083 	-0.027334 	0
4.02 	0.379 	1 	0.0372065 	0.0712792 	-0.0378441 	0
4.02 	0.403 	1 	0.0372065 	0.0712792 	-0.0378441 	0
4.02 	0.428 	1 	0.0372065 	0.0712792 	-0.0378441 	0
4.02 	0.452 	1 	0.0372065 	0.0712792 	-0.0378441 	0
4.02 	0.477 	1 	0.0372065 	0.0712792 	-0.0378441 	0
4.02 	0.502 	1 	0.0407945 	0.155293 	-0.0476104 	0
4.02 	0.525 	1 	0.0407945 	0.155293 	-0.0476104 	0
4.02 	0.55 	1 	0.0407945 	0.155293 	-0.0476104 	0
4.02 	0.574 	1 	0.0407945 	0.155293 	-0.0476104 	0
4.02 	0.598 	1 	0.0407945 	0.155293 	-0.0476104 	0
4.02 	0.623 	1 	0.0407945 	0.155293 	-0.0476104 	0
4.02 	0.648 	1 	0.0420064 	0.253946 	-0.0562233 	0
4.02 	0.672 	1 	0.0420064 	0.253946 	-0.0562233 	0
4.02 	0.697 	1 	0.0420064 	0.253946 	-0.0562233 	0
4.02 	0.721 	1 	0.0420064 	0.253946 	-0.0562233 	0
4.02 	0.747 	1 	0.0420064 	0.253946 	-0.0562233 	0
4.02 	0.771 	1 	0.0401157 	0.366753 	-0.0632325 	0
4.02 	0.795 	1 	0.0401157 	0.366753 	-0.0632325 	0
4.02 	0.819 	1 	0.0401157 	0.366753 	-0.0632325 	0
4.02 	0.844 	1 	0.0401157 	0.366753 	-0.0632325 	0
4.02 	0.868 	1 	0.0401157 	0.366753 	-0.0632325 	0
4.02 	0.893 	1 	0.0340789 	0.491981 	-0.0678974 	0
4.02 	0.917 	1 	0.0340789 	0.491981 	-0.0678974 	0
4.02 	0.941 	1 	0.0340789 	0.491981 	-0.0678974 	0
4.02 	0.966 	1 	0.0340789 	0.491981 	-0.0678974 	0
4.02 	0.991 	1 	0.0340789 	0.491981 	-0.0678974 	0
4.02 	1.01 	1 	0.0241676 	0.621568 	-0.0695757 	0
4.02 	1.04 	1 	0.0241676 	0.621568 	-0.0695757 	0
4.02 	1.06 	1 	0.0241676 	0.621568 	-0.0695757 	0
4.02 	1.09 	1 	0.0241676 	0.621568 	-0.0695757 	0
4.02 	1.11 	1 	0.0241676 	0.621568 	-0.0695757 	0
4.02 	1.14 	1 	0.0135822 	0.736353 	-0.0679994 	0
4.02 	1.16 	1 	0.0135822 	0.736353 	-0.0679994 	0
4.02 	1.19 	1 	0.0135822 	0.736353 	-0.0679994 	0
4.02 	1.21 	1 	0.0135822 	0.736353 	-0.0679994 	0
4.02 	1.23 	1 	0.0135822 	0.736353 	-0.0679994 	0
4.02 	1.26 	1 	0.00766561 	0.814807 	-0.0649462 	0
4.02 	1.28 	1 	0.00766561 	0.814807 	-0.0649462 	0
4.02 	1.31 	1 	0.00766561 	0.814807 	-0.0649462 	0
4.02 	1.33 	1 	0.00766561 	0.814807 	-0.0649462 	0
4.02 	1.36 	1 	0.00766561 	0.814807 	-0.0649462 	0
4.02 	1.38 	1 	0.00521853 	0.858712 	-0.0616878 	0
4.02 	1.41 	1 	0.00521853 	0.858712 	-0.0616878 	0
4.02 	1.43 	1 	0.00521853 	0.858712 	-0.0616878 	0
4.02 	1.45 	1 	0.00521853 	0.858712 	-0.0616878 	0
4.02 	1.48 	1 	0.00521853 	0.858712 	-0.0616878 	0
4.02 	1.5 	1 	0.00521853 	0.858712 	-0.0616878 	0
4.02 	1.53 	1 	0.00415841 	0.883588 	-0.0581492 	0
4.02 	1.55 	1 	0.00415841 	0.883588 	-0.0581492 	0
4.02 	1.58 	1 	0.00415841 	0.883588 	-0.0581492 	0
4.02 	1.6 	1 	0.00415841 	0.883588 	-0.0581492 	0
4.02 	1.63 	1 	0.00361016 	0.898098 	-0.054296 	0
4.02 	1.65 	1 	0.00361016 	0.898098 	-0.054296 	0
4.02 	1.67 	1 	0.00361016 	0.898098 	-0.054296 	0
4.02 	1.7 	1 	0.00361016 	0.898098 	-0.054296 	0
4.02 	1.72 	1 	0.00361016 	0.898098 	-0.054296 	0
4.02 	1.75 	1 	0.00361016 	0.898098 	-0.054296 	0
4.02 	1.77 	1 	0.00339484 	0.9055 	-0.0501941 	0
4.02 	1.8 	1 	0.00339484 	0.9055 	-0.0501941 	0
4.02 	1.82 	1 	0.00339484 	0.9055 	-0.0501941 	0
4.02 	1.85 	1 	0.00339484 	0.9055 	-0.0501941 	0
4.02 	1.87 	1 	0.00339484 	0.9055 	-0.0501941 	0
4.02 	1.9 	1 	0.0033781 	0.906691 	-0.0459092 	0
4.02 	1.92 	1 	0.0033781 	0.906691 	-0.0459092 	0
4.02 	1.94 	1 	0.0033781 	0.906691 	-0.0459092 	0
4.02 	1.97 	1 	0.0033781 	0.906691 	-0.0459092 	0
4.02 	1.99 	1 	0.0033781 	0.906691 	-0.0459092 	0
4.02 	2.02 	1 	0.00361857 	0.900968 	-0.0413901 	0
4.02 	2.04 	1 	0.00361857 	0.900968 	-0.0413901 	0
4.02 	2.07 	1 	0.00361857 	0.900968 	-0.0413901 	0
4.02 	2.09 	1 	0.00361857 	0.900968 	-0.0413901 	0
4.02 	2.11 	1 	0.00361857 	0.900968 	-0.0413901 	0
4.02 	2.14 	1 	0.00421899 	0.886197 	-0.0365531 	0
4.02 	2.16 	1 	0.00421899 	0.886197 	-0.0365531 	0
4.02 	2.19 	1 	0.00421899 	0.886197 	-0.0365531 	0
4.02 	2.21 	1 	0.00421899 	0.886197 	-0.0365531 	0
4.02 	2.24 	1 	0.00421899 	0.886197 	-0.0365531 	0
4.02 	2.26 	1 	0.00517734 	0.860478 	-0.0313937 	0
4.02 	2.29 	1 	0.00517734 	0.860478 	-0.0313937 	0
4.02 	2.31 	1 	0.00517734 	0.860478 	-0.0313937 	0
4.02 	2.34 	1 	0.00517734 	0.860478 	-0.0313937 	0
4.02 	2.36 	1 	0.00517734 	0.860478 	-0.0313937 	0
4.02 	2.38 	1 	0.0063768 	0.823285 	-0.0259724 	0
4.02 	2.41 	1 	0.0063768 	0.823285 	-0.0259724 	0
4.02 	2.43 	1 	0.0063768 	0.823285 	-0.0259724 	0
4.02 	2.46 	1 	0.0063768 	0.823285 	-0.0259724 	0
4.02 	2.48 	1 	0.0063768 	0.823285 	-0.0259724 	0
4.02 	2.51 	1 	0.00760305 	0.774696 	-0.0203509 	0
4.02 	2.53 	1 	0.00760305 	0.774696 	-0.0203509 	0
4.02 	2.56 	1 	0.00760305 	0.774696 	-0.0203509 	0
4.02 	2.58 	1 	0.00760305 	0.774696 	-0.0203509 	0
4.02 	2.6 	1 	0.00760305 	0.774696 	-0.0203509 	0
4.02 	2.63 	1 	0.00856657 	0.713202 	-0.0148002 	0
4.02 	2.65 	1 	0.00856657 	0.713202 	-0.0148002 	0
4.02 	2.68 	1 	0.00856657 	0.713202 	-0.0148002 	0
4.02 	2.7 	1 	0.00856657 	0.713202 	-0.0148002 	0
4.02 	2.73 	1 	0.00856657 	0.713202 	-0.0148002 	0
4.02 	2.75 	1 	0.00856657 	0.713202 	-0.0148002 	0
4.02 	2.78 	1 	0.00893854 	0.63048 	-0.00878653 	0
4.02 	2.8 	1 	0.00893854 	0.63048 	-0.00878653 	0
4.02 	2.82 	1 	0.00893854 	0.63048 	-0.00878653 	0
4.02 	2.85 	1 	0.00893854 	0.63048 	-0.00878653 	0
4.02 	2.87 	1 	0.00893854 	0.63048 	-0.00878653 	0
4.02 	2.9 	1 	0.00725259 	0.487349 	-0.00369208 	0
4.02 	2.92 	1 	0.00725259 	0.487349 	-0.00369208 	0
4.02 	2.95 	1 	0.00725259 	0.487349 	-0.00369208 	0
4.02 	2.96 	1 	0.00725259 	0.487349 	-0.00369208 	0
5 	0.0213 	1 	0.0101166 	-0.0376206 	-0.00953872 	0
5 	0.0375 	1 	0.0101166 	-0.0376206 	-0.00953872 	0
5 	0.0603 	1 	0.0101166 	-0.0376206 	-0.00953872 	0
5 	0.0859 	1 	0.0101166 	-0.0376206 	-0.00953872 	0
5 	0.11 	1 	0.0101166 	-0.0376206 	-0.00953872 	0
5 	0.135 	1 	0.0238667 	0.0202545 	-0.0176983 	0
5 	0.158 	1 	0.0238667 	0.0202545 	-0.0176983 	0
5 	0.183 	1 	0.0238667 	0.0202545 	-0.0176983 	0
5 	0.208 	1 	0.0238667 	0.0202545 	-0.0176983 	0
5 	0.233 	1 	0.0238667 	0.0202545 	-0.0176983 	0
5 	0.256 	1 	0.0311371 	0.0760407 	-0.027776 	0
5 	0.282 	1 	0.0311371 	0.0760407 	-0.027776 	0
5 	0.306 	1 	0.0311371 	0.0760407 	-0.027776 	0
5 	0.329 	1 	0.0311371 	0.0760407 	-0.027776 	0
5 	0.354 	1 	0.0311371 	0.0760407 	-0.027776 	0
5 	0.379 	1 	0.0363948 	0.140713 	-0.0381204 	0
5 	0.404 	1 	0.0363948 	0.140713 	-0.0381204 	0
5 	0.428 	1 	0.0363948 	0.140713 	-0.0381204 	0
5 	0.452 	1 	0.0363948 	0.140713 	-0.0381204 	0
5 	0.476 	1 	0.0363948 	0.140713 	-0.0381204 	0
5 	0.502 	1 	0.0395858 	0.217098 	-0.0472865 	0
5 	0.525 	1 	0.0395858 	0.217098 	-0.0472865 	0
5 	0.551 	1 	0.0395858 	0.217098 	-0.0472865 	0
5 	0.574 	1 	0.0395858 	0.217098 	-0.0472865 	0
5 	0.598 	1 	0.0395858 	0.217098 	-0.0472865 	0
5 	0.623 	1 	0.0395858 	0.217098 	-0.0472865 	0
5 	0.648 	1 	0.0405559 	0.305192 	-0.0549993 	0
5 	0.674 	1 	0.0405559 	0.305192 	-0.0549993 	0
5 	0.697 	1 	0.0405559 	0.305192 	-0.0549993 	0
5 	0.721 	1 	0.0405559 	0.305192 	-0.0549993 	0
5 	0.746 	1 	0.0405559 	0.305192 	-0.0549993 	0
5 	0.771 	1 	0.0385747 	0.403856 	-0.0608969 	0
5 	0.795 	1 	0.0385747 	0.403856 	-0.0608969 	0
5 	0.819 	1 	0.0385747 	0.403856 	-0.0608969 	0
5 	0.844 	1 	0.0385747 	0.403856 	-0.0608969 	0
5 	0.867 	1 	0.0385747 	0.403856 	-0.0608969 	0
5 	0.893 	1 	0.0330002 	0.511192 	-0.06458 	0
5 	0.917 	1 	0.0330002 	0.511192 	-0.06458 	0
5 	0.942 	1 	0.0330002 	0.511192 	-0.06458 	0
5 	0.966 	1 	0.0330002 	0.511192 	-0.06458 	0
5 	0.99 	1 	0.0330002 	0.511192 	-0.06458 	0
5 	1.01 	1 	0.0241676 	0.62111 	-0.0657075 	0
5 	1.04 	1 	0.0241676 	0.62111 	-0.0657075 	0
5 	1.06 	1 	0.0241676 	0.62111 	-0.0657075 	0
5 	1.09 	1 	0.0241676 	0.62111 	-0.0657075 	0
5 	1.11 	1 	0.0241676 	0.62111 	-0.0657075 	0
5 	1.14 	1 	0.0144391 	0.720448 	-0.064283 	0
5 	1.16 	1 	0.0144391 	0.720448 	-0.064283 	0
5 	1.19 	1 	0.0144391 	0.720448 	-0.064283 	0
5 	1.21 	1 	0.0144391 	0.720448 	-0.064283 	0
5 	1.23 	1 	0.0144391 	0.720448 	-0.064283 	0
5 	1.26 	1 	0.00796083 	0.793343 	-0.0614605 	0
5 	1.28 	1 	0.00796083 	0.793343 	-0.0614605 	0
5 	1.31 	1 	0.00796083 	0.793343 	-0.0614605 	0
5 	1.33 	1 	0.00796083 	0.793343 	-0.0614605 	0
5 	1.36 	1 	0.00796083 	0.793343 	-0.0614605 	0
5 	1.38 	1 	0.00514252 	0.835819 	-0.0583771 	0
5 	1.4 	1 	0.00514252 	0.835819 	-0.0583771 	0
5 	1.43 	1 	0.00514252 	0.835819 	-0.0583771 	0
5 	1.46 	1 	0.00514252 	0.835819 	-0.0583771 	0
5 	1.48 	1 	0.00514252 	0.835819 	-0.0583771 	0
5 	1.5 	1 	0.00514252 	0.835819 	-0.0583771 	0
5 	1.53 	1 	0.0040272 	0.858729 	-0.0551953 	0
5 	1.55 	1 	0.0040272 	0.858729 	-0.0551953 	0
5 	1.58 	1 	0.0040272 	0.858729 	-0.0551953 	0
5 	1.6 	1 	0.0040272 	0.858729 	-0.0551953 	0
5 	1.63 	1 	0.00357368 	0.871321 	-0.0517266 	0
5 	1.65 	1 	0.00357368 	0.871321 	-0.0517266 	0
5 	1.67 	1 	0.00357368 	0.871321 	-0.0517266 	0
5 	1.7 	1 	0.00357368 	0.871321 	-0.0517266 	0
5 	1.72 	1 	0.00357368 	0.871321 	-0.0517266 	0
5 	1.75 	1 	0.00357368 	0.871321 	-0.0517266 	0
5 	1.77 	1 	0.00343114 	0.877039 	-0.0479991 	0
5 	1.8 	1 	0.00343114 	0.877039 	-0.0479991 	0
5 	1.82 	1 	0.00343114 	0.877039 	-0.0479991 	0
5 	1.85 	1 	0.00343114 	0.877039 	-0.0479991 	0
5 	1.87 	1 	0.00343114 	0.877039 	-0.0479991 	0
5 	1.9 	1 	0.00348817 	0.876504 	-0.0440233 	0
5 	1.92 	1 	0.00348817 	0.876504 	-0.0440233 	0
5 	1.94 	1 	0.00348817 	0.876504 	-0.0440233 	0
5 	1.97 	1 	0.00348817 	0.876504 	-0.0440233 	0
5 	1.99 	1 	0.00348817 	0.876504 	-0.0440233 	0
5 	2.02 	1 	0.00383755 	0.868668 	-0.0397398 	0
5 	2.04 	1 	0.00383755 	0.868668 	-0.0397398 	0
5 	2.07 	1 	0.00383755 	0.868668 	-0.0397398 	0
5 	2.09 	1 	0.00383755 	0.868668 	-0.0397398 	0
5 	2.12 	1 	0.00383755 	0.868668 	-0.0397398 	0
5 	2.14 	1 	0.00451841 	0.851511 	-0.03509 	0
5 	2.16 	1 	0.00451841 	0.851511 	-0.03509 	0
5 	2.19 	1 	0.00451841 	0.851511 	-0.03509 	0
5 	2.21 	1 	0.00451841 	0.851511 	-0.03509 	0
5 	2.24 	1 	0.00451841 	0.851511 	-0.03509 	0
5 	2.26 	1 	0.00549673 	0.823641 	-0.0300906 	0
5 	2.29 	1 	0.00549673 	0.823641 	-0.0300906 	0
5 	2.31 	1 	0.00549673 	0.823641 	-0.0300906 	0
5 	2.34 	1 	0.00549673 	0.823641 	-0.0300906 	0
5 	2.36 	1 	0.00549673 	0.823641 	-0.0300906 	0
5 	2.38 	1 	0.00661395 	0.784975 	-0.0248467 	0
5 	2.41 	1 	0.00661395 	0.784975 	-0.0248467 	0
5 	2.43 	1 	0.00661395 	0.784975 	-0.0248467 	0
5 	2.46 	1 	0.00661395 	0.784975 	-0.0248467 	0
5 	2.48 	1 	0.00661395 	0.784975 	-0.0248467 	0
5 	2.51 	1 	0.00765795 	0.735588 	-0.0194115 	0
5 	2.53 	1 	0.00765795 	0.735588 	-0.0194115 	0
5 	2.56 	1 	0.00765795 	0.735588 	-0.0194115 	0
5 	2.58 	1 	0.00765795 	0.735588 	-0.0194115 	0
5 	2.6 	1 	0.00765795 	0.735588 	-0.0194115 	0
5 	2.63 	1 	0.00839502 	0.673463 	-0.0140137 	0
5 	2.65 	1 	0.00839502 	0.673463 	-0.0140137 	0
5 	2.68 	1 	0.00839502 	0.673463 	-0.0140137 	0
5 	2.7 	1 	0.00839502 	0.673463 	-0.0140137 	0
5 	2.73 	1 	0.00839502 	0.673463 	-0.0140137 	0
5 	2.75 	1 	0.00839502 	0.673463 	-0.0140137 	0
5 	2.78 	1 	0.00865426 	0.589847 	-0.00811398 	0
5 	2.8 	1 	0.00865426 	0.589847 	-0.00811398 	0
5 	2.82 	1 	0.00865426 	0.589847 	-0.00811398 	0
5 	2.85 	1 	0.00865426 	0.589847 	-0.00811398 	0
5 	2.87 	1 	0.00865426 	0.589847 	-0.00811398 	0
5 	2.9 	1 	0.00660535 	0.446307 	-0.00320747 	0
5 	2.92 	1 	0.00660535 	0.446307 	-0.00320747 	0
5 	2.95 	1 	0.00660535 	0.446307 	-0.00320747 	0
5 	2.96 	1 	0.00660535 	0.446307 	-0.00320747 	0
6.02 	0.021 	1 	0.00936936 	0.057335 	-0.00767847 	0
6.02 	0.0359 	1 	0.00936936 	0.057335 	-0.00767847 	0
6.02 	0.0614 	1 	0.00936936 	0.057335 	-0.00767847 	0
6.02 	0.0852 	1 	0.00936936 	0.057335 	-0.00767847 	0
6.02 	0.111 	1 	0.00936936 	0.057335 	-0.00767847 	0
6.02 	0.135 	1 	0.0217212 	0.113708 	-0.0147817 	0
6.02 	0.159 	1 	0.0217212 	0.113708 	-0.0147817 	0
6.02 	0.183 	1 	0.0217212 	0.113708 	-0.0147817 	0
6.02 	0.208 	1 	0.0217212 	0.113708 	-0.0147817 	0
6.02 	0.232 	1 	0.0217212 	0.113708 	-0.0147817 	0
6.02 	0.256 	1 	0.0281514 	0.163883 	-0.023284 	0
6.02 	0.282 	1 	0.0281514 	0.163883 	-0.023284 	0
6.02 	0.306 	1 	0.0281514 	0.163883 	-0.023284 	0
6.02 	0.33 	1 	0.0281514 	0.163883 	-0.023284 	0
6.02 	0.355 	1 	0.0281514 	0.163883 	-0.023284 	0
6.02 	0.378 	1 	0.0327471 	0.220403 	-0.03191 	0
6.02 	0.403 	1 	0.0327471 	0.220403 	-0.03191 	0
6.02 	0.428 	1 	0.0327471 	0.220403 	-0.03191 	0
6.02 	0.453 	1 	0.0327471 	0.220403 	-0.03191 	0
6.02 	0.477 	1 	0.0327471 	0.220403 	-0.03191 	0
6.02 	0.502 	1 	0.0355799 	0.285803 	-0.0394014 	0
6.02 	0.525 	1 	0.0355799 	0.285803 	-0.0394014 	0
6.02 	0.551 	1 	0.0355799 	0.285803 	-0.0394014 	0
6.02 	0.575 	1 	0.0355799 	0.285803 	-0.0394014 	0
6.02 	0.598 	1 	0.0355799 	0.285803 	-0.0394014 	0
6.02 	0.623 	1 	0.0355799 	0.285803 	-0.0394014 	0
6.02 	0.648 	1 	0.0364821 	0.359986 	-0.0455583 	0
6.02 	0.673 	1 	0.0364821 	0.359986 	-0.0455583 	0
6.02 	0.697 	1 	0.0364821 	0.359986 	-0.0455583 	0
6.02 	0.721 	1 	0.0364821 	0.359986 	-0.0455583 	0
6.02 	0.746 	1 	0.0364821 	0.359986 	-0.0455583 	0
6.02 	0.77 	1 	0.035011 	0.441793 	-0.0501147 	0
6.02 	0.795 	1 	0.035011 	0.441793 	-0.0501147 	0
6.02 	0.819 	1 	0.035011 	0.441793 	-0.0501147 	0
6.02 	0.843 	1 	0.035011 	0.441793 	-0.0501147 	0
6.02 	0.868 	1 	0.035011 	0.441793 	-0.0501147 	0
6.02 	0.893 	1 	0.0307226 	0.529523 	-0.0528466 	0
6.02 	0.917 	1 	0.0307226 	0.529523 	-0.0528466 	0
6.02 	0.941 	1 	0.0307226 	0.529523 	-0.0528466 	0
6.02 	0.966 	1 	0.0307226 	0.529523 	-0.0528466 	0
6.02 	0.99 	1 	0.0307226 	0.529523 	-0.0528466 	0
6.02 	1.02 	1 	0.0238237 	0.619082 	-0.0535381 	0
6.02 	1.04 	1 	0.0238237 	0.619082 	-0.0535381 	0
6.02 	1.06 	1 	0.0238237 	0.619082 	-0.0535381 	0
6.02 	1.09 	1 	0.0238237 	0.619082 	-0.0535381 	0
6.02 	1.11 	1 	0.0238237 	0.619082 	-0.0535381 	0
6.02 	1.14 	1 	0.0156995 	0.702273 	-0.0522959 	0
6.02 	1.16 	1 	0.0156995 	0.702273 	-0.0522959 	0
6.02 	1.19 	1 	0.0156995 	0.702273 	-0.0522959 	0
6.02 	1.21 	1 	0.0156995 	0.702273 	-0.0522959 	0
6.02 	1.23 	1 	0.0156995 	0.702273 	-0.0522959 	0
6.02 	1.26 	1 	0.0088737 	0.768468 	-0.0498273 	0
6.02 	1.28 	1 	0.0088737 	0.768468 	-0.0498273 	0
6.02 	1.31 	1 	0.0088737 	0.768468 	-0.0498273 	0
6.02 	1.33 	1 	0.0088737 	0.768468 	-0.0498273 	0
6.02 	1.36 	1 	0.0088737 	0.768468 	-0.0498273 	0
6.02 	1.38 	1 	0.00540504 	0.81024 	-0.04715 	0
6.02 	1.41 	1 	0.00540504 	0.81024 	-0.04715 	0
6.02 	1.43 	1 	0.00540504 	0.81024 	-0.04715 	0
6.02 	1.46 	1 	0.00540504 	0.81024 	-0.04715 	0
6.02 	1.48 	1 	0.00540504 	0.81024 	-0.04715 	0
6.02 	1.5 	1 	0.00540504 	0.81024 	-0.04715 	0
6.02 	1.53 	1 	0.00404481 	0.831984 	-0.044588 	0
6.02 	1.55 	1 	0.00404481 	0.831984 	-0.044588 	0
6.02 	1.58 	1 	0.00404481 	0.831984 	-0.044588 	0
6.02 	1.6 	1 	0.00404481 	0.831984 	-0.044588 	0
6.02 	1.63 	1 	0.00359813 	0.842439 	-0.041886 	0
6.02 	1.65 	1 	0.00359813 	0.842439 	-0.041886 	0
6.02 	1.67 	1 	0.00359813 	0.842439 	-0.041886 	0
6.02 	1.7 	1 	0.00359813 	0.842439 	-0.041886 	0
6.02 	1.72 	1 	0.00359813 	0.842439 	-0.041886 	0
6.02 	1.75 	1 	0.00359813 	0.842439 	-0.041886 	0
6.02 	1.77 	1 	0.00348527 	0.845794 	-0.0389401 	0
6.02 	1.8 	1 	0.00348527 	0.845794 	-0.0389401 	0
6.02 	1.82 	1 	0.00348527 	0.845794 	-0.0389401 	0
6.02 	1.85 	1 	0.00348527 	0.845794 	-0.0389401 	0
6.02 	1.87 	1 	0.00348527 	0.845794 	-0.0389401 	0
6.02 	1.89 	1 	0.00363353 	0.842561 	-0.0357254 	0
6.02 	1.92 	1 	0.00363353 	0.842561 	-0.0357254 	0
6.02 	1.94 	1 	0.00363353 	0.842561 	-0.0357254 	0
6.02 	1.97 	1 	0.00363353 	0.842561 	-0.0357254 	0
6.02 	1.99 	1 	0.00363353 	0.842561 	-0.0357254 	0
6.02 	2.02 	1 	0.00407851 	0.831658 	-0.0321892 	0
6.02 	2.04 	1 	0.00407851 	0.831658 	-0.0321892 	0
6.02 	2.07 	1 	0.00407851 	0.831658 	-0.0321892 	0
6.02 	2.09 	1 	0.00407851 	0.831658 	-0.0321892 	0
6.02 	2.12 	1 	0.00407851 	0.831658 	-0.0321892 	0
6.02 	2.14 	1 	0.00482251 	0.811347 	-0.0282977 	0
6.02 	2.16 	1 	0.00482251 	0.811347 	-0.0282977 	0
6.02 	2.19 	1 	0.00482251 	0.811347 	-0.0282977 	0
6.02 	2.21 	1 	0.00482251 	0.811347 	-0.0282977 	0
6.02 	2.24 	1 	0.00482251 	0.811347 	-0.0282977 	0
6.02 	2.26 	1 	0.00577988 	0.780917 	-0.0240975 	0
6.02 	2.29 	1 	0.00577988 	0.780917 	-0.0240975 	0
6.02 	2.31 	1 	0.00577988 	0.780917 	-0.0240975 	0
6.02 	2.33 	1 	0.00577988 	0.780917 	-0.0240975 	0
6.02 	2.36 	1 	0.00577988 	0.780917 	-0.0240975 	0
6.02 	2.38 	1 	0.00678275 	0.740551 	-0.0196962 	0
6.02 	2.41 	1 	0.00678275 	0.740551 	-0.0196962 	0
6.02 	2.43 	1 	0.00678275 	0.740551 	-0.0196962 	0
6.02 	2.46 	1 	0.00678275 	0.740551 	-0.0196962 	0
6.02 	2.48 	1 	0.00678275 	0.740551 	-0.0196962 	0
6.02 	2.51 	1 	0.00766415 	0.690061 	-0.0151322 	0
6.02 	2.53 	1 	0.00766415 	0.690061 	-0.0151322 	0
6.02 	2.56 	1 	0.00766415 	0.690061 	-0.0151322 	0
6.02 	2.58 	1 	0.00766415 	0.690061 	-0.0151322 	0
6.02 	2.6 	1 	0.00766415 	0.690061 	-0.0151322 	0
6.02 	2.63 	1 	0.00824783 	0.626994 	-0.0105489 	0
6.02 	2.65 	1 	0.00824783 	0.626994 	-0.0105489 	0
6.02 	2.68 	1 	0.00824783 	0.626994 	-0.0105489 	0
6.02 	2.7 	1 	0.00824783 	0.626994 	-0.0105489 	0
6.02 	2.73 	1 	0.00824783 	0.626994 	-0.0105489 	0
6.02 	2.75 	1 	0.00824783 	0.626994 	-0.0105489 	0
6.02 	2.77 	1 	0.00842157 	0.54341 	-0.00570297 	0
6.02 	2.8 	1 	0.00842157 	0.54341 	-0.00570297 	0
6.02 	2.82 	1 	0.00842157 	0.54341 	-0.00570297 	0
6.02 	2.85 	1 	0.00842157 	0.54341 	-0.00570297 	0
6.02 	2.87 	1 	0.00842157 	0.54341 	-0.00570297 	0
6.02 	2.9 	1 	0.00588841 	0.404807 	-0.0018276 	0
6.02 	2.92 	1 	0.00588841 	0.404807 	-0.0018276 	0
6.02 	2.95 	1 	0.00588841 	0.404807 	-0.0018276 	0
6.02 	2.96 	1 	0.00588841 	0.404807 	-0.0018276 	0
7 	0.0214 	1 	0.0089003 	0.118133 	-0.00618747 	0
7 	0.0372 	1 	0.0089003 	0.118133 	-0.00618747 	0
7 	0.0605 	1 	0.0089003 	0.118133 	-0.00618747 	0
7 	0.0863 	1 	0.0089003 	0.118133 	-0.00618747 	0
7 	0.11 	1 	0.0089003 	0.118133 	-0.00618747 	0
7 	0.135 	1 	0.0197304 	0.173364 	-0.0118977 	0
7 	0.159 	1 	0.0197304 	0.173364 	-0.0118977 	0
7 	0.183 	1 	0.0197304 	0.173364 	-0.0118977 	0
7 	0.208 	1 	0.0197304 	0.173364 	-0.0118977 	0
7 	0.232 	1 	0.0197304 	0.173364 	-0.0118977 	0
7 	0.257 	1 	0.0254196 	0.219994 	-0.0191904 	0
7 	0.282 	1 	0.0254196 	0.219994 	-0.0191904 	0
7 	0.306 	1 	0.0254196 	0.219994 	-0.0191904 	0
7 	0.33 	1 	0.0254196 	0.219994 	-0.0191904 	0
7 	0.355 	1 	0.0254196 	0.219994 	-0.0191904 	0
7 	0.379 	1 	0.0294624 	0.270928 	-0.0261806 	0
7 	0.403 	1 	0.0294624 	0.270928 	-0.0261806 	0
7 	0.428 	1 	0.0294624 	0.270928 	-0.0261806 	0
7 	0.452 	1 	0.0294624 	0.270928 	-0.0261806 	0
7 	0.476 	1 	0.0294624 	0.270928 	-0.0261806 	0
7 	0.501 	1 	0.0320485 	0.328747 	-0.0322398 	0
7 	0.526 	1 	0.0320485 	0.328747 	-0.0322398 	0
7 	0.55 	1 	0.0320485 	0.328747 	-0.0322398 	0
7 	0.575 	1 	0.0320485 	0.328747 	-0.0322398 	0
7 	0.599 	1 	0.0320485 	0.328747 	-0.0322398 	0
7 	0.623 	1 	0.0320485 	0.328747 	-0.0322398 	0
7 	0.648 	1 	0.0329711 	0.393546 	-0.0371767 	0
7 	0.672 	1 	0.0329711 	0.393546 	-0.0371767 	0
7 	0.697 	1 	0.0329711 	0.393546 	-0.0371767 	0
7 	0.721 	1 	0.0329711 	0.393546 	-0.0371767 	0
7 	0.746 	1 	0.0329711 	0.393546 	-0.0371767 	0
7 	0.77 	1 	0.0319745 	0.464453 	-0.0407754 	0
7 	0.795 	1 	0.0319745 	0.464453 	-0.0407754 	0
7 	0.819 	1 	0.0319745 	0.464453 	-0.0407754 	0
7 	0.843 	1 	0.0319745 	0.464453 	-0.0407754 	0
7 	0.868 	1 	0.0319745 	0.464453 	-0.0407754 	0
7 	0.893 	1 	0.0287127 	0.53991 	-0.0428626 	0
7 	0.917 	1 	0.0287127 	0.53991 	-0.0428626 	0
7 	0.941 	1 	0.0287127 	0.53991 	-0.0428626 	0
7 	0.966 	1 	0.0287127 	0.53991 	-0.0428626 	0
7 	0.99 	1 	0.0287127 	0.53991 	-0.0428626 	0
7 	1.01 	1 	0.0232749 	0.616865 	-0.0432937 	0
7 	1.04 	1 	0.0232749 	0.616865 	-0.0432937 	0
7 	1.06 	1 	0.0232749 	0.616865 	-0.0432937 	0
7 	1.09 	1 	0.0232749 	0.616865 	-0.0432937 	0
7 	1.11 	1 	0.0232749 	0.616865 	-0.0432937 	0
7 	1.14 	1 	0.0164506 	0.689937 	-0.0422017 	0
7 	1.16 	1 	0.0164506 	0.689937 	-0.0422017 	0
7 	1.19 	1 	0.0164506 	0.689937 	-0.0422017 	0
7 	1.21 	1 	0.0164506 	0.689937 	-0.0422017 	0
7 	1.23 	1 	0.0164506 	0.689937 	-0.0422017 	0
7 	1.26 	1 	0.00995869 	0.7512 	-0.0399878 	0
7 	1.28 	1 	0.00995869 	0.7512 	-0.0399878 	0
7 	1.31 	1 	0.00995869 	0.7512 	-0.0399878 	0
7 	1.33 	1 	0.00995869 	0.7512 	-0.0399878 	0
7 	1.36 	1 	0.00995869 	0.7512 	-0.0399878 	0
7 	1.38 	1 	0.00592802 	0.79291 	-0.0375149 	0
7 	1.41 	1 	0.00592802 	0.79291 	-0.0375149 	0
7 	1.43 	1 	0.00592802 	0.79291 	-0.0375149 	0
7 	1.45 	1 	0.00592802 	0.79291 	-0.0375149 	0
7 	1.48 	1 	0.00592802 	0.79291 	-0.0375149 	0
7 	1.5 	1 	0.00592802 	0.79291 	-0.0375149 	0
7 	1.53 	1 	0.00421357 	0.815101 	-0.0352372 	0
7 	1.55 	1 	0.00421357 	0.815101 	-0.0352372 	0
7 	1.58 	1 	0.00421357 	0.815101 	-0.0352372 	0
7 	1.6 	1 	0.00421357 	0.815101 	-0.0352372 	0
7 	1.63 	1 	0.0036621 	0.824521 	-0.0330121 	0
7 	1.65 	1 	0.0036621 	0.824521 	-0.0330121 	0
7 	1.67 	1 	0.0036621 	0.824521 	-0.0330121 	0
7 	1.7 	1 	0.0036621 	0.824521 	-0.0330121 	0
7 	1.72 	1 	0.0036621 	0.824521 	-0.0330121 	0
7 	1.75 	1 	0.0036621 	0.824521 	-0.0330121 	0
7 	1.77 	1 	0.00354374 	0.826297 	-0.0306239 	0
7 	1.8 	1 	0.00354374 	0.826297 	-0.0306239 	0
7 	1.82 	1 	0.00354374 	0.826297 	-0.0306239 	0
7 	1.85 	1 	0.00354374 	0.826297 	-0.0306239 	0
7 	1.87 	1 	0.00354374 	0.826297 	-0.0306239 	0
7 	1.9 	1 	0.00372741 	0.821117 	-0.0280102 	0
7 	1.92 	1 	0.00372741 	0.821117 	-0.0280102 	0
7 	1.94 	1 	0.00372741 	0.821117 	-0.0280102 	0
7 	1.97 	1 	0.00372741 	0.821117 	-0.0280102 	0
7 	1.99 	1 	0.00372741 	0.821117 	-0.0280102 	0
7 	2.02 	1 	0.00422079 	0.807932 	-0.0250768 	0
7 	2.04 	1 	0.00422079 	0.807932 	-0.0250768 	0
7 	2.07 	1 	0.00422079 	0.807932 	-0.0250768 	0
7 	2.09 	1 	0.00422079 	0.807932 	-0.0250768 	0
7 	2.12 	1 	0.00422079 	0.807932 	-0.0250768 	0
7 	2.14 	1 	0.00498646 	0.785497 	-0.0218601 	0
7 	2.16 	1 	0.00498646 	0.785497 	-0.0218601 	0
7 	2.19 	1 	0.00498646 	0.785497 	-0.0218601 	0
7 	2.21 	1 	0.00498646 	0.785497 	-0.0218601 	0
7 	2.24 	1 	0.00498646 	0.785497 	-0.0218601 	0
7 	2.26 	1 	0.00591725 	0.753445 	-0.0183909 	0
7 	2.29 	1 	0.00591725 	0.753445 	-0.0183909 	0
7 	2.31 	1 	0.00591725 	0.753445 	-0.0183909 	0
7 	2.33 	1 	0.00591725 	0.753445 	-0.0183909 	0
7 	2.36 	1 	0.00591725 	0.753445 	-0.0183909 	0
7 	2.38 	1 	0.00685886 	0.712002 	-0.0147641 	0
7 	2.41 	1 	0.00685886 	0.712002 	-0.0147641 	0
7 	2.43 	1 	0.00685886 	0.712002 	-0.0147641 	0
7 	2.46 	1 	0.00685886 	0.712002 	-0.0147641 	0
7 	2.48 	1 	0.00685886 	0.712002 	-0.0147641 	0
7 	2.51 	1 	0.00767576 	0.66084 	-0.0110267 	0
7 	2.53 	1 	0.00767576 	0.66084 	-0.0110267 	0
7 	2.56 	1 	0.00767576 	0.66084 	-0.0110267 	0
7 	2.58 	1 	0.00767576 	0.66084 	-0.0110267 	0
7 	2.6 	1 	0.00767576 	0.66084 	-0.0110267 	0
7 	2.63 	1 	0.00818664 	0.597581 	-0.00727651 	0
7 	2.65 	1 	0.00818664 	0.597581 	-0.00727651 	0
7 	2.68 	1 	0.00818664 	0.597581 	-0.00727651 	0
7 	2.7 	1 	0.00818664 	0.597581 	-0.00727651 	0
7 	2.73 	1 	0.00818664 	0.597581 	-0.00727651 	0
7 	2.75 	1 	0.00818664 	0.597581 	-0.00727651 	0
7 	2.77 	1 	0.0082874 	0.515702 	-0.0035743 	0
7 	2.8 	1 	0.0082874 	0.515702 	-0.0035743 	0
7 	2.82 	1 	0.0082874 	0.515702 	-0.0035743 	0
7 	2.85 	1 	0.0082874 	0.515702 	-0.0035743 	0
7 	2.87 	1 	0.0082874 	0.515702 	-0.0035743 	0
7 	2.9 	1 	0.00550174 	0.385016 	-0.000724289 	0
7 	2.92 	1 	0.00550174 	0.385016 	-0.000724289 	0
7 	2.95 	1 	0.00550174 	0.385016 	-0.000724289 	0
7 	2.96 	1 	0.00550174 	0.385016 	-0.000724289 	0
8.02 	0.0212 	1 	0.00823045 	0.179111 	-0.00419354 	0
8.02 	0.0378 	1 	0.00823045 	0.179111 	-0.00419354 	0
8.02 	0.0596 	1 	0.00823045 	0.179111 	-0.00419354 	0
8.02 	0.0855 	1 	0.00823045 	0.179111 	-0.00419354 	0
8.02 	0.11 	1 	0.00823045 	0.179111 	-0.00419354 	0
8.02 	0.134 	1 	0.0172902 	0.233738 	-0.00879894 	0
8.02 	0.159 	1 	0.0172902 	0.233738 	-0.00879894 	0
8.02 	0.184 	1 	0.0172902 	0.233738 	-0.00879894 	0
8.02 	0.208 	1 	0.0172902 	0.233738 	-0.00879894 	0
8.02 	0.232 	1 	0.0172902 	0.233738 	-0.00879894 	0
8.02 	0.258 	1 	0.0221176 	0.276662 	-0.0143863 	0
8.02 	0.281 	1 	0.0221176 	0.276662 	-0.0143863 	0
8.02 	0.305 	1 	0.0221176 	0.276662 	-0.0143863 	0
8.02 	0.33 	1 	0.0221176 	0.276662 	-0.0143863 	0
8.02 	0.354 	1 	0.0221176 	0.276662 	-0.0143863 	0
8.02 	0.379 	1 	0.0255436 	0.321669 	-0.0196156 	0
8.02 	0.404 	1 	0.0255436 	0.321669 	-0.0196156 	0
8.02 	0.428 	1 	0.0255436 	0.321669 	-0.0196156 	0
8.02 	0.452 	1 	0.0255436 	0.321669 	-0.0196156 	0
8.02 	0.476 	1 	0.0255436 	0.321669 	-0.0196156 	0
8.02 	0.501 	1 	0.0278224 	0.371528 	-0.0241395 	0
8.02 	0.525 	1 	0.0278224 	0.371528 	-0.0241395 	0
8.02 	0.55 	1 	0.0278224 	0.371528 	-0.0241395 	0
8.02 	0.574 	1 	0.0278224 	0.371528 	-0.0241395 	0
8.02 	0.599 	1 	0.0278224 	0.371528 	-0.0241395 	0
8.02 	0.623 	1 	0.0278224 	0.371528 	-0.0241395 	0
8.02 	0.648 	1 	0.0287789 	0.426569 	-0.0277822 	0
8.02 	0.672 	1 	0.0287789 	0.426569 	-0.0277822 	0
8.02 	0.698 	1 	0.0287789 	0.426569 	-0.0277822 	0
8.02 	0.721 	1 	0.0287789 	0.426569 	-0.0277822 	0
8.02 	0.745 	1 	0.0287789 	0.426569 	-0.0277822 	0
8.02 	0.769 	1 	0.0282881 	0.48622 	-0.0303988 	0
8.02 	0.795 	1 	0.0282881 	0.48622 	-0.0303988 	0
8.02 	0.82 	1 	0.0282881 	0.48622 	-0.0303988 	0
8.02 	0.843 	1 	0.0282881 	0.48622 	-0.0303988 	0
8.02 	0.868 	1 	0.0282881 	0.48622 	-0.0303988 	0
8.02 	0.893 	1 	0.0260887 	0.549292 	-0.0318675 	0
8.02 	0.918 	1 	0.0260887 	0.549292 	-0.0318675 	0
8.02 	0.941 	1 	0.0260887 	0.549292 	-0.0318675 	0
8.02 	0.965 	1 	0.0260887 	0.549292 	-0.0318675 	0
8.02 	0.99 	1 	0.0260887 	0.549292 	-0.0318675 	0
8.02 	1.01 	1 	0.0221763 	0.613742 	-0.0321183 	0
8.02 	1.04 	1 	0.0221763 	0.613742 	-0.0321183 	0
8.02 	1.06 	1 	0.0221763 	0.613742 	-0.0321183 	0
8.02 	1.09 	1 	0.0221763 	0.613742 	-0.0321183 	0
8.02 	1.11 	1 	0.0221763 	0.613742 	-0.0321183 	0
8.02 	1.14 	1 	0.0169338 	0.676199 	-0.0311798 	0
8.02 	1.16 	1 	0.0169338 	0.676199 	-0.0311798 	0
8.02 	1.19 	1 	0.0169338 	0.676199 	-0.0311798 	0
8.02 	1.21 	1 	0.0169338 	0.676199 	-0.0311798 	0
8.02 	1.23 	1 	0.0169338 	0.676199 	-0.0311798 	0
8.02 	1.26 	1 	0.0113773 	0.731199 	-0.0293027 	0
8.02 	1.28 	1 	0.0113773 	0.731199 	-0.0293027 	0
8.02 	1.31 	1 	0.0113773 	0.731199 	-0.0293027 	0
8.02 	1.33 	1 	0.0113773 	0.731199 	-0.0293027 	0
8.02 	1.36 	1 	0.0113773 	0.731199 	-0.0293027 	0
8.02 	1.38 	1 	0.00697139 	0.772343 	-0.027015 	0
8.02 	1.41 	1 	0.00697139 	0.772343 	-0.027015 	0
8.02 	1.43 	1 	0.00697139 	0.772343 	-0.027015 	0
8.02 	1.46 	1 	0.00697139 	0.772343 	-0.027015 	0
8.02 	1.48 	1 	0.00697139 	0.772343 	-0.027015 	0
8.02 	1.5 	1 	0.00697139 	0.772343 	-0.027015 	0
8.02 	1.53 	1 	0.00465405 	0.796263 	-0.0249109 	0
8.02 	1.55 	1 	0.00465405 	0.796263 	-0.0249109 	0
8.02 	1.58 	1 	0.00465405 	0.796263 	-0.0249109 	0
8.02 	1.6 	1 	0.00465405 	0.796263 	-0.0249109 	0
8.02 	1.63 	1 	0.00382187 	0.805869 	-0.0230257 	0
8.02 	1.65 	1 	0.00382187 	0.805869 	-0.0230257 	0
8.02 	1.67 	1 	0.00382187 	0.805869 	-0.0230257 	0
8.02 	1.7 	1 	0.00382187 	0.805869 	-0.0230257 	0
8.02 	1.72 	1 	0.00382187 	0.805869 	-0.0230257 	0
8.02 	1.75 	1 	0.00382187 	0.805869 	-0.0230257 	0
8.02 	1.77 	1 	0.00362783 	0.806366 	-0.0211248 	0
8.02 	1.8 	1 	0.00362783 	0.806366 	-0.0211248 	0
8.02 	1.82 	1 	0.00362783 	0.806366 	-0.0211248 	0
8.02 	1.85 	1 	0.00362783 	0.806366 	-0.0211248 	0
8.02 	1.87 	1 	0.00362783 	0.806366 	-0.0211248 	0
8.02 	1.89 	1 	0.00382693 	0.79916 	-0.0191116 	0
8.02 	1.92 	1 	0.00382693 	0.79916 	-0.0191116 	0
8.02 	1.94 	1 	0.00382693 	0.79916 	-0.0191116 	0
8.02 	1.97 	1 	0.00382693 	0.79916 	-0.0191116 	0
8.02 	1.99 	1 	0.00382693 	0.79916 	-0.0191116 	0
8.02 	2.02 	1 	0.00435373 	0.783677 	-0.0168564 	0
8.02 	2.04 	1 	0.00435373 	0.783677 	-0.0168564 	0
8.02 	2.07 	1 	0.00435373 	0.783677 	-0.0168564 	0
8.02 	2.09 	1 	0.00435373 	0.783677 	-0.0168564 	0
8.02 	2.12 	1 	0.00435373 	0.783677 	-0.0168564 	0
8.02 	2.14 	1 	0.00513185 	0.759161 	-0.0144031 	0
8.02 	2.16 	1 	0.00513185 	0.759161 	-0.0144031 	0
8.02 	2.19 	1 	0.00513185 	0.759161 	-0.0144031 	0
8.02 	2.21 	1 	0.00513185 	0.759161 	-0.0144031 	0
8.02 	2.24 	1 	0.00513185 	0.759161 	-0.0144031 	0
8.02 	2.26 	1 	0.00604053 	0.725604 	-0.0117808 	0
8.02 	2.29 	1 	0.00604053 	0.725604 	-0.0117808 	0
8.02 	2.31 	1 	0.00604053 	0.725604 	-0.0117808 	0
8.02 	2.33 	1 	0.00604053 	0.725604 	-0.0117808 	0
8.02 	2.36 	1 	0.00604053 	0.725604 	-0.0117808 	0
8.02 	2.38 	1 	0.00694024 	0.683283 	-0.00906456 	0
8.02 	2.41 	1 	0.00694024 	0.683283 	-0.00906456 	0
8.02 	2.43 	1 	0.00694024 	0.683283 	-0.00906456 	0
8.02 	2.46 	1 	0.00694024 	0.683283 	-0.00906456 	0
8.02 	2.48 	1 	0.00694024 	0.683283 	-0.00906456 	0
8.02 	2.51 	1 	0.00770239 	0.631919 	-0.00632846 	0
8.02 	2.53 	1 	0.00770239 	0.631919 	-0.00632846 	0
8.02 	2.55 	1 	0.00770239 	0.631919 	-0.00632846 	0
8.02 	2.58 	1 	0.00770239 	0.631919 	-0.00632846 	0
8.02 	2.6 	1 	0.00770239 	0.631919 	-0.00632846 	0
8.02 	2.63 	1 	0.0081441 	0.569719 	-0.00365957 	0
8.02 	2.65 	1 	0.0081441 	0.569719 	-0.00365957 	0
8.02 	2.68 	1 	0.0081441 	0.569719 	-0.00365957 	0
8.02 	2.7 	1 	0.0081441 	0.569719 	-0.00365957 	0
8.02 	2.73 	1 	0.0081441 	0.569719 	-0.00365957 	0
8.02 	2.75 	1 	0.0081441 	0.569719 	-0.00365957 	0
8.02 	2.77 	1 	0.0080895 	0.492101 	-0.00139271 	0
8.02 	2.8 	1 	0.0080895 	0.492101 	-0.00139271 	0
8.02 	2.82 	1 	0.0080895 	0.492101 	-0.00139271 	0
8.02 	2.85 	1 	0.0080895 	0.492101 	-0.00139271 	0
8.02 	2.87 	1 	0.0080895 	0.492101 	-0.00139271 	0
8.02 	2.9 	1 	0.00521487 	0.37366 	0.000205212 	0
8.02 	2.92 	1 	0.00521487 	0.37366 	0.000205212 	0
8.02 	2.95 	1 	0.00521487 	0.37366 	0.000205212 	0
8.02 	2.96 	1 	0.00521487 	0.37366 	0.000205212 	0
9 	0.0183 	1 	0.00774061 	0.215441 	-0.00319113 	0
9 	0.0368 	1 	0.00774061 	0.215441 	-0.00319113 	0
9 	0.0607 	1 	0.00774061 	0.215441 	-0.00319113 	0
9 	0.0854 	1 	0.00774061 	0.215441 	-0.00319113 	0
9 	0.11 	1 	0.00774061 	0.215441 	-0.00319113 	0
9 	0.134 	1 	0.0156323 	0.270017 	-0.00698439 	0
9 	0.159 	1 	0.0156323 	0.270017 	-0.00698439 	0
9 	0.184 	1 	0.0156323 	0.270017 	-0.00698439 	0
9 	0.208 	1 	0.0156323 	0.270017 	-0.00698439 	0
9 	0.233 	1 	0.0156323 	0.270017 	-0.00698439 	0
9 	0.256 	1 	0.0198793 	0.31071 	-0.0114793 	0
9 	0.28 	1 	0.0198793 	0.31071 	-0.0114793 	0
9 	0.306 	1 	0.0198793 	0.31071 	-0.0114793 	0
9 	0.329 	1 	0.0198793 	0.31071 	-0.0114793 	0
9 	0.355 	1 	0.0198793 	0.31071 	-0.0114793 	0
9 	0.379 	1 	0.0228917 	0.352045 	-0.0156372 	0
9 	0.403 	1 	0.0228917 	0.352045 	-0.0156372 	0
9 	0.427 	1 	0.0228917 	0.352045 	-0.0156372 	0
9 	0.452 	1 	0.0228917 	0.352045 	-0.0156372 	0
9 	0.477 	1 	0.0228917 	0.352045 	-0.0156372 	0
9 	0.503 	1 	0.0249423 	0.396978 	-0.0192337 	0
9 	0.525 	1 	0.0249423 	0.396978 	-0.0192337 	0
9 	0.551 	1 	0.0249423 	0.396978 	-0.0192337 	0
9 	0.574 	1 	0.0249423 	0.396978 	-0.0192337 	0
9 	0.598 	1 	0.0249423 	0.396978 	-0.0192337 	0
9 	0.624 	1 	0.0249423 	0.396978 	-0.0192337 	0
9 	0.648 	1 	0.0258867 	0.446045 	-0.0221258 	0
9 	0.672 	1 	0.0258867 	0.446045 	-0.0221258 	0
9 	0.697 	1 	0.0258867 	0.446045 	-0.0221258 	0
9 	0.721 	1 	0.0258867 	0.446045 	-0.0221258 	0
9 	0.746 	1 	0.0258867 	0.446045 	-0.0221258 	0
9 	0.77 	1 	0.0256321 	0.498885 	-0.0241849 	0
9 	0.795 	1 	0.0256321 	0.498885 	-0.0241849 	0
9 	0.82 	1 	0.0256321 	0.498885 	-0.0241849 	0
9 	0.844 	1 	0.0256321 	0.498885 	-0.0241849 	0
9 	0.868 	1 	0.0256321 	0.498885 	-0.0241849 	0
9 	0.893 	1 	0.0240994 	0.554517 	-0.0253225 	0
9 	0.916 	1 	0.0240994 	0.554517 	-0.0253225 	0
9 	0.941 	1 	0.0240994 	0.554517 	-0.0253225 	0
9 	0.965 	1 	0.0240994 	0.554517 	-0.0253225 	0
9 	0.991 	1 	0.0240994 	0.554517 	-0.0253225 	0
9 	1.01 	1 	0.0211182 	0.611354 	-0.0254706 	0
9 	1.04 	1 	0.0211182 	0.611354 	-0.0254706 	0
9 	1.06 	1 	0.0211182 	0.611354 	-0.0254706 	0
9 	1.09 	1 	0.0211182 	0.611354 	-0.0254706 	0
9 	1.11 	1 	0.0211182 	0.611354 	-0.0254706 	0
9 	1.14 	1 	0.0169322 	0.666932 	-0.0246449 	0
9 	1.16 	1 	0.0169322 	0.666932 	-0.0246449 	0
9 	1.19 	1 	0.0169322 	0.666932 	-0.0246449 	0
9 	1.21 	1 	0.0169322 	0.666932 	-0.0246449 	0
9 	1.23 	1 	0.0169322 	0.666932 	-0.0246449 	0
9 	1.26 	1 	0.0121685 	0.717347 	-0.0230097 	0
9 	1.28 	1 	0.0121685 	0.717347 	-0.0230097 	0
9 	1.31 	1 	0.0121685 	0.717347 	-0.0230097 	0
9 	1.33 	1 	0.0121685 	0.717347 	-0.0230097 	0
9 	1.36 	1 	0.0121685 	0.717347 	-0.0230097 	0
9 	1.38 	1 	0.0078955 	0.757371 	-0.0209081 	0
9 	1.4 	1 	0.0078955 	0.757371 	-0.0209081 	0
9 	1.43 	1 	0.0078955 	0.757371 	-0.0209081 	0
9 	1.46 	1 	0.0078955 	0.757371 	-0.0209081 	0
9 	1.48 	1 	0.0078955 	0.757371 	-0.0209081 	0
9 	1.5 	1 	0.0078955 	0.757371 	-0.0209081 	0
9 	1.53 	1 	0.00517777 	0.782647 	-0.0188721 	0
9 	1.55 	1 	0.00517777 	0.782647 	-0.0188721 	0
9 	1.58 	1 	0.00517777 	0.782647 	-0.0188721 	0
9 	1.6 	1 	0.00517777 	0.782647 	-0.0188721 	0
9 	1.63 	1 	0.00403245 	0.793314 	-0.0171007 	0
9 	1.65 	1 	0.00403245 	0.793314 	-0.0171007 	0
9 	1.67 	1 	0.00403245 	0.793314 	-0.0171007 	0
9 	1.7 	1 	0.00403245 	0.793314 	-0.0171007 	0
9 	1.72 	1 	0.00403245 	0.793314 	-0.0171007 	0
9 	1.75 	1 	0.00403245 	0.793314 	-0.0171007 	0
9 	1.77 	1 	0.00373167 	0.79365 	-0.0153975 	0
9 	1.8 	1 	0.00373167 	0.79365 	-0.0153975 	0
9 	1.82 	1 	0.00373167 	0.79365 	-0.0153975 	0
9 	1.85 	1 	0.00373167 	0.79365 	-0.0153975 	0
9 	1.87 	1 	0.00373167 	0.79365 	-0.0153975 	0
9 	1.9 	1 	0.00389854 	0.785547 	-0.0137277 	0
9 	1.92 	1 	0.00389854 	0.785547 	-0.0137277 	0
9 	1.94 	1 	0.00389854 	0.785547 	-0.0137277 	0
9 	1.97 	1 	0.00389854 	0.785547 	-0.0137277 	0
9 	1.99 	1 	0.00389854 	0.785547 	-0.0137277 	0
9 	2.02 	1 	0.00443425 	0.768827 	-0.0118707 	0
9 	2.04 	1 	0.00443425 	0.768827 	-0.0118707 	0
9 	2.07 	1 	0.00443425 	0.768827 	-0.0118707 	0
9 	2.09 	1 	0.00443425 	0.768827 	-0.0118707 	0
9 	2.12 	1 	0.00443425 	0.768827 	-0.0118707 	0
9 	2.14 	1 	0.00521906 	0.743207 	-0.00988788 	0
9 	2.16 	1 	0.00521906 	0.743207 	-0.00988788 	0
9 	2.19 	1 	0.00521906 	0.743207 	-0.00988788 	0
9 	2.21 	1 	0.00521906 	0.743207 	-0.00988788 	0
9 	2.24 	1 	0.00521906 	0.743207 	-0.00988788 	0
9 	2.26 	1 	0.00612102 	0.708943 	-0.00779336 	0
9 	2.29 	1 	0.00612102 	0.708943 	-0.00779336 	0
9 	2.31 	1 	0.00612102 	0.708943 	-0.00779336 	0
9 	2.34 	1 	0.00612102 	0.708943 	-0.00779336 	0
9 	2.36 	1 	0.00612102 	0.708943 	-0.00779336 	0
9 	2.38 	1 	0.00700099 	0.666425 	-0.00565894 	0
9 	2.41 	1 	0.00700099 	0.666425 	-0.00565894 	0
9 	2.43 	1 	0.00700099 	0.666425 	-0.00565894 	0
9 	2.46 	1 	0.00700099 	0.666425 	-0.00565894 	0
9 	2.48 	1 	0.00700099 	0.666425 	-0.00565894 	0
9 	2.51 	1 	0.00772048 	0.615576 	-0.00358166 	0
9 	2.53 	1 	0.00772048 	0.615576 	-0.00358166 	0
9 	2.55 	1 	0.00772048 	0.615576 	-0.00358166 	0
9 	2.58 	1 	0.00772048 	0.615576 	-0.00358166 	0
9 	2.6 	1 	0.00772048 	0.615576 	-0.00358166 	0
9 	2.63 	1 	0.00809228 	0.555223 	-0.0016625 	0
9 	2.65 	1 	0.00809228 	0.555223 	-0.0016625 	0
9 	2.68 	1 	0.00809228 	0.555223 	-0.0016625 	0
9 	2.7 	1 	0.00809228 	0.555223 	-0.0016625 	0
9 	2.73 	1 	0.00809228 	0.555223 	-0.0016625 	0
9 	2.75 	1 	0.00809228 	0.555223 	-0.0016625 	0
9 	2.78 	1 	0.00789498 	0.48184 	-0.000297041 	0
9 	2.8 	1 	0.00789498 	0.48184 	-0.000297041 	0
9 	2.82 	1 	0.00789498 	0.48184 	-0.000297041 	0
9 	2.85 	1 	0.00789498 	0.48184 	-0.000297041 	0
9 	2.87 	1 	0.00789498 	0.48184 	-0.000297041 	0
9 	2.9 	1 	0.00510154 	0.372219 	0.000533278 	0
9 	2.92 	1 	0.00510154 	0.372219 	0.000533278 	0
9 	2.95 	1 	0.00510154 	0.372219 	0.000533278 	0
9 	2.96 	1 	0.00510154 	0.372219 	0.000533278 	0
10 	0.0188 	1 	0.00723879 	0.248006 	-0.00237896 	0
10 	0.0364 	1 	0.00723879 	0.248006 	-0.00237896 	0
10 	0.0609 	1 	0.00723879 	0.248006 	-0.00237896 	0
10 	0.0856 	1 	0.00723879 	0.248006 	-0.00237896 	0
10 	0.11 	1 	0.00723879 	0.248006 	-0.00237896 	0
10 	0.135 	1 	0.0140107 	0.302723 	-0.00541451 	0
10 	0.159 	1 	0.0140107 	0.302723 	-0.00541451 	0
10 	0.184 	1 	0.0140107 	0.302723 	-0.00541451 	0
10 	0.209 	1 	0.0140107 	0.302723 	-0.00541451 	0
10 	0.233 	1 	0.0140107 	0.302723 	-0.00541451 	0
10 	0.257 	1 	0.0177042 	0.341431 	-0.00895299 	0
10 	0.281 	1 	0.0177042 	0.341431 	-0.00895299 	0
10 	0.305 	1 	0.0177042 	0.341431 	-0.00895299 	0
10 	0.33 	1 	0.0177042 	0.341431 	-0.00895299 	0
10 	0.354 	1 	0.0177042 	0.341431 	-0.00895299 	0
10 	0.38 	1 	0.0203314 	0.379444 	-0.0122019 	0
10 	0.403 	1 	0.0203314 	0.379444 	-0.0122019 	0
10 	0.428 	1 	0.0203314 	0.379444 	-0.0122019 	0
10 	0.453 	1 	0.0203314 	0.379444 	-0.0122019 	0
10 	0.477 	1 	0.0203314 	0.379444 	-0.0122019 	0
10 	0.501 	1 	0.0221671 	0.419911 	-0.015018 	0
10 	0.526 	1 	0.0221671 	0.419911 	-0.015018 	0
10 	0.55 	1 	0.0221671 	0.419911 	-0.015018 	0
10 	0.575 	1 	0.0221671 	0.419911 	-0.015018 	0
10 	0.6 	1 	0.0221671 	0.419911 	-0.015018 	0
10 	0.623 	1 	0.0221671 	0.419911 	-0.015018 	0
10 	0.648 	1 	0.0231072 	0.463531 	-0.0172723 	0
10 	0.673 	1 	0.0231072 	0.463531 	-0.0172723 	0
10 	0.697 	1 	0.0231072 	0.463531 	-0.0172723 	0
10 	0.721 	1 	0.0231072 	0.463531 	-0.0172723 	0
10 	0.746 	1 	0.0231072 	0.463531 	-0.0172723 	0
10 	0.77 	1 	0.0231223 	0.510097 	-0.018869 	0
10 	0.794 	1 	0.0231223 	0.510097 	-0.018869 	0
10 	0.819 	1 	0.0231223 	0.510097 	-0.018869 	0
10 	0.843 	1 	0.0231223 	0.510097 	-0.018869 	0
10 	0.868 	1 	0.0231223 	0.510097 	-0.018869 	0
10 	0.892 	1 	0.0220399 	0.558885 	-0.0197281 	0
10 	0.917 	1 	0.0220399 	0.558885 	-0.0197281 	0
10 	0.941 	1 	0.0220399 	0.558885 	-0.0197281 	0
10 	0.965 	1 	0.0220399 	0.558885 	-0.0197281 	0
10 	0.99 	1 	0.0220399 	0.558885 	-0.0197281 	0
10 	1.01 	1 	0.0198226 	0.608745 	-0.0198072 	0
10 	1.04 	1 	0.0198226 	0.608745 	-0.0198072 	0
10 	1.06 	1 	0.0198226 	0.608745 	-0.0198072 	0
10 	1.09 	1 	0.0198226 	0.608745 	-0.0198072 	0
10 	1.11 	1 	0.0198226 	0.608745 	-0.0198072 	0
10 	1.14 	1 	0.0165813 	0.657854 	-0.0191104 	0
10 	1.16 	1 	0.0165813 	0.657854 	-0.0191104 	0
10 	1.19 	1 	0.0165813 	0.657854 	-0.0191104 	0
10 	1.21 	1 	0.0165813 	0.657854 	-0.0191104 	0
10 	1.23 	1 	0.0165813 	0.657854 	-0.0191104 	0
10 	1.26 	1 	0.012679 	0.703432 	-0.0177309 	0
10 	1.28 	1 	0.012679 	0.703432 	-0.0177309 	0
10 	1.31 	1 	0.012679 	0.703432 	-0.0177309 	0
10 	1.33 	1 	0.012679 	0.703432 	-0.0177309 	0
10 	1.36 	1 	0.012679 	0.703432 	-0.0177309 	0
10 	1.38 	1 	0.00882704 	0.741456 	-0.0158768 	0
10 	1.41 	1 	0.00882704 	0.741456 	-0.0158768 	0
10 	1.43 	1 	0.00882704 	0.741456 	-0.0158768 	0
10 	1.45 	1 	0.00882704 	0.741456 	-0.0158768 	0
10 	1.48 	1 	0.00882704 	0.741456 	-0.0158768 	0
10 	1.5 	1 	0.00882704 	0.741456 	-0.0158768 	0
10 	1.53 	1 	0.0059036 	0.767628 	-0.013941 	0
10 	1.55 	1 	0.0059036 	0.767628 	-0.013941 	0
10 	1.58 	1 	0.0059036 	0.767628 	-0.013941 	0
10 	1.6 	1 	0.0059036 	0.767628 	-0.013941 	0
10 	1.63 	1 	0.00437964 	0.779975 	-0.0122247 	0
10 	1.65 	1 	0.00437964 	0.779975 	-0.0122247 	0
10 	1.68 	1 	0.00437964 	0.779975 	-0.0122247 	0
10 	1.7 	1 	0.00437964 	0.779975 	-0.0122247 	0
10 	1.72 	1 	0.00437964 	0.779975 	-0.0122247 	0
10 	1.75 	1 	0.00437964 	0.779975 	-0.0122247 	0
10 	1.77 	1 	0.00389109 	0.781075 	-0.0106659 	0
10 	1.8 	1 	0.00389109 	0.781075 	-0.0106659 	0
10 	1.82 	1 	0.00389109 	0.781075 	-0.0106659 	0
10 	1.85 	1 	0.00389109 	0.781075 	-0.0106659 	0
10 	1.87 	1 	0.00389109 	0.781075 	-0.0106659 	0
10 	1.9 	1 	0.00399776 	0.772603 	-0.00924941 	0
10 	1.92 	1 	0.00399776 	0.772603 	-0.00924941 	0
10 	1.94 	1 	0.00399776 	0.772603 	-0.00924941 	0
10 	1.97 	1 	0.00399776 	0.772603 	-0.00924941 	0
10 	1.99 	1 	0.00399776 	0.772603 	-0.00924941 	0
10 	2.02 	1 	0.00452091 	0.75508 	-0.00772048 	0
10 	2.04 	1 	0.00452091 	0.75508 	-0.00772048 	0
10 	2.07 	1 	0.00452091 	0.75508 	-0.00772048 	0
10 	2.09 	1 	0.00452091 	0.75508 	-0.00772048 	0
10 	2.12 	1 	0.00452091 	0.75508 	-0.00772048 	0
10 	2.14 	1 	0.00530938 	0.728707 	-0.00614037 	0
10 	2.16 	1 	0.00530938 	0.728707 	-0.00614037 	0
10 	2.19 	1 	0.00530938 	0.728707 	-0.00614037 	0
10 	2.21 	1 	0.00530938 	0.728707 	-0.00614037 	0
10 	2.24 	1 	0.00530938 	0.728707 	-0.00614037 	0
10 	2.26 	1 	0.00620577 	0.694109 	-0.00450815 	0
10 	2.29 	1 	0.00620577 	0.694109 	-0.00450815 	0
10 	2.31 	1 	0.00620577 	0.694109 	-0.00450815 	0
10 	2.33 	1 	0.00620577 	0.694109 	-0.00450815 	0
10 	2.36 	1 	0.00620577 	0.694109 	-0.00450815 	0
10 	2.38 	1 	0.00705839 	0.651912 	-0.00289874 	0
10 	2.41 	1 	0.00705839 	0.651912 	-0.00289874 	0
10 	2.43 	1 	0.00705839 	0.651912 	-0.00289874 	0
10 	2.46 	1 	0.00705839 	0.651912 	-0.00289874 	0
10 	2.48 	1 	0.00705839 	0.651912 	-0.00289874 	0
10 	2.51 	1 	0.00771101 	0.602357 	-0.00142813 	0
10 	2.53 	1 	0.00771101 	0.602357 	-0.00142813 	0
10 	2.56 	1 	0.00771101 	0.602357 	-0.00142813 	0
10 	2.58 	1 	0.00771101 	0.602357 	-0.00142813 	0
10 	2.6 	1 	0.00771101 	0.602357 	-0.00142813 	0
10 	2.63 	1 	0.00798218 	0.544886 	-0.000206243 	0
10 	2.65 	1 	0.00798218 	0.544886 	-0.000206243 	0
10 	2.68 	1 	0.00798218 	0.544886 	-0.000206243 	0
10 	2.7 	1 	0.00798218 	0.544886 	-0.000206243 	0
10 	2.73 	1 	0.00798218 	0.544886 	-0.000206243 	0
10 	2.75 	1 	0.00798218 	0.544886 	-0.000206243 	0
10 	2.77 	1 	0.0076325 	0.476516 	0.000412579 	0
10 	2.8 	1 	0.0076325 	0.476516 	0.000412579 	0
10 	2.82 	1 	0.0076325 	0.476516 	0.000412579 	0
10 	2.85 	1 	0.0076325 	0.476516 	0.000412579 	0
10 	2.87 	1 	0.0076325 	0.476516 	0.000412579 	0
10 	2.9 	1 	0.00503756 	0.3747 	0.000615883 	0
10 	2.92 	1 	0.00503756 	0.3747 	0.000615883 	0
10 	2.95 	1 	0.00503756 	0.3747 	0.000615883 	0
10 	2.97 	1 	0.00503756 	0.3747 	0.000615883 	0
