//328 points
(
 // min_z
(-2 1.000000 0)
(-2 1.009600 0)
(-2 1.019200 0)
(-2 1.030700 0)
(-2 1.042800 0)
(-2 1.055200 0)
(-2 1.067400 0)
(-2 1.079600 0)
(-2 1.091800 0)
(-2 1.104000 0)
(-2 1.116000 0)
(-2 1.129000 0)
(-2 1.141000 0)
(-2 1.153000 0)
(-2 1.165000 0)
(-2 1.178000 0)
(-2 1.190000 0)
(-2 1.202000 0)
(-2 1.214000 0)
(-2 1.226000 0)
(-2 1.239000 0)
(-2 1.251000 0)
(-2 1.263000 0)
(-2 1.275000 0)
(-2 1.288000 0)
(-2 1.300000 0)
(-2 1.312000 0)
(-2 1.324000 0)
(-2 1.337000 0)
(-2 1.349000 0)
(-2 1.361000 0)
(-2 1.373000 0)
(-2 1.385000 0)
(-2 1.398000 0)
(-2 1.410000 0)
(-2 1.422000 0)
(-2 1.434000 0)
(-2 1.447000 0)
(-2 1.459000 0)
(-2 1.471000 0)
(-2 1.483000 0)
(-2 1.496000 0)
(-2 1.508000 0)
(-2 1.520000 0)
(-2 1.533000 0)
(-2 1.545000 0)
(-2 1.557000 0)
(-2 1.569000 0)
(-2 1.581000 0)
(-2 1.594000 0)
(-2 1.606000 0)
(-2 1.618000 0)
(-2 1.630000 0)
(-2 1.643000 0)
(-2 1.655000 0)
(-2 1.667000 0)
(-2 1.679000 0)
(-2 1.692000 0)
(-2 1.704000 0)
(-2 1.716000 0)
(-2 1.728000 0)
(-2 1.741000 0)
(-2 1.753000 0)
(-2 1.765000 0)
(-2 1.777000 0)
(-2 1.790000 0)
(-2 1.802000 0)
(-2 1.814000 0)
(-2 1.826000 0)
(-2 1.838000 0)
(-2 1.851000 0)
(-2 1.863000 0)
(-2 1.875000 0)
(-2 1.887000 0)
(-2 1.900000 0)
(-2 1.912000 0)
(-2 1.924000 0)
(-2 1.936000 0)
(-2 1.949000 0)
(-2 1.961000 0)
(-2 1.973000 0)
(-2 1.985000 0)
(-2 1.998000 0)
(-2 2.010000 0)
(-2 2.020000 0)
(-2 2.030000 0)
(-2 2.050000 0)
(-2 2.060000 0)
(-2 2.070000 0)
(-2 2.080000 0)
(-2 2.100000 0)
(-2 2.110000 0)
(-2 2.120000 0)
(-2 2.130000 0)
(-2 2.140000 0)
(-2 2.160000 0)
(-2 2.170000 0)
(-2 2.180000 0)
(-2 2.190000 0)
(-2 2.210000 0)
(-2 2.220000 0)
(-2 2.230000 0)
(-2 2.240000 0)
(-2 2.250000 0)
(-2 2.270000 0)
(-2 2.280000 0)
(-2 2.290000 0)
(-2 2.300000 0)
(-2 2.320000 0)
(-2 2.330000 0)
(-2 2.340000 0)
(-2 2.350000 0)
(-2 2.360000 0)
(-2 2.380000 0)
(-2 2.390000 0)
(-2 2.400000 0)
(-2 2.410000 0)
(-2 2.430000 0)
(-2 2.440000 0)
(-2 2.450000 0)
(-2 2.460000 0)
(-2 2.480000 0)
(-2 2.490000 0)
(-2 2.500000 0)
(-2 2.510000 0)
(-2 2.520000 0)
(-2 2.540000 0)
(-2 2.550000 0)
(-2 2.560000 0)
(-2 2.570000 0)
(-2 2.590000 0)
(-2 2.600000 0)
(-2 2.610000 0)
(-2 2.620000 0)
(-2 2.630000 0)
(-2 2.650000 0)
(-2 2.660000 0)
(-2 2.670000 0)
(-2 2.680000 0)
(-2 2.700000 0)
(-2 2.710000 0)
(-2 2.720000 0)
(-2 2.730000 0)
(-2 2.740000 0)
(-2 2.760000 0)
(-2 2.770000 0)
(-2 2.780000 0)
(-2 2.790000 0)
(-2 2.810000 0)
(-2 2.820000 0)
(-2 2.830000 0)
(-2 2.840000 0)
(-2 2.850000 0)
(-2 2.870000 0)
(-2 2.880000 0)
(-2 2.890000 0)
(-2 2.900000 0)
(-2 2.920000 0)
(-2 2.930000 0)
(-2 2.940000 0)
(-2 2.950000 0)
(-2 2.960000 0)
(-2 2.970000 0)
(-2 3.000000 0)
//max_z
(-2 1.000000 2)
(-2 1.009600 2)
(-2 1.019200 2)
(-2 1.030700 2)
(-2 1.042800 2)
(-2 1.055200 2)
(-2 1.067400 2)
(-2 1.079600 2)
(-2 1.091800 2)
(-2 1.104000 2)
(-2 1.116000 2)
(-2 1.129000 2)
(-2 1.141000 2)
(-2 1.153000 2)
(-2 1.165000 2)
(-2 1.178000 2)
(-2 1.190000 2)
(-2 1.202000 2)
(-2 1.214000 2)
(-2 1.226000 2)
(-2 1.239000 2)
(-2 1.251000 2)
(-2 1.263000 2)
(-2 1.275000 2)
(-2 1.288000 2)
(-2 1.300000 2)
(-2 1.312000 2)
(-2 1.324000 2)
(-2 1.337000 2)
(-2 1.349000 2)
(-2 1.361000 2)
(-2 1.373000 2)
(-2 1.385000 2)
(-2 1.398000 2)
(-2 1.410000 2)
(-2 1.422000 2)
(-2 1.434000 2)
(-2 1.447000 2)
(-2 1.459000 2)
(-2 1.471000 2)
(-2 1.483000 2)
(-2 1.496000 2)
(-2 1.508000 2)
(-2 1.520000 2)
(-2 1.533000 2)
(-2 1.545000 2)
(-2 1.557000 2)
(-2 1.569000 2)
(-2 1.581000 2)
(-2 1.594000 2)
(-2 1.606000 2)
(-2 1.618000 2)
(-2 1.630000 2)
(-2 1.643000 2)
(-2 1.655000 2)
(-2 1.667000 2)
(-2 1.679000 2)
(-2 1.692000 2)
(-2 1.704000 2)
(-2 1.716000 2)
(-2 1.728000 2)
(-2 1.741000 2)
(-2 1.753000 2)
(-2 1.765000 2)
(-2 1.777000 2)
(-2 1.790000 2)
(-2 1.802000 2)
(-2 1.814000 2)
(-2 1.826000 2)
(-2 1.838000 2)
(-2 1.851000 2)
(-2 1.863000 2)
(-2 1.875000 2)
(-2 1.887000 2)
(-2 1.900000 2)
(-2 1.912000 2)
(-2 1.924000 2)
(-2 1.936000 2)
(-2 1.949000 2)
(-2 1.961000 2)
(-2 1.973000 2)
(-2 1.985000 2)
(-2 1.998000 2)
(-2 2.010000 2)
(-2 2.020000 2)
(-2 2.030000 2)
(-2 2.050000 2)
(-2 2.060000 2)
(-2 2.070000 2)
(-2 2.080000 2)
(-2 2.100000 2)
(-2 2.110000 2)
(-2 2.120000 2)
(-2 2.130000 2)
(-2 2.140000 2)
(-2 2.160000 2)
(-2 2.170000 2)
(-2 2.180000 2)
(-2 2.190000 2)
(-2 2.210000 2)
(-2 2.220000 2)
(-2 2.230000 2)
(-2 2.240000 2)
(-2 2.250000 2)
(-2 2.270000 2)
(-2 2.280000 2)
(-2 2.290000 2)
(-2 2.300000 2)
(-2 2.320000 2)
(-2 2.330000 2)
(-2 2.340000 2)
(-2 2.350000 2)
(-2 2.360000 2)
(-2 2.380000 2)
(-2 2.390000 2)
(-2 2.400000 2)
(-2 2.410000 2)
(-2 2.430000 2)
(-2 2.440000 2)
(-2 2.450000 2)
(-2 2.460000 2)
(-2 2.480000 2)
(-2 2.490000 2)
(-2 2.500000 2)
(-2 2.510000 2)
(-2 2.520000 2)
(-2 2.540000 2)
(-2 2.550000 2)
(-2 2.560000 2)
(-2 2.570000 2)
(-2 2.590000 2)
(-2 2.600000 2)
(-2 2.610000 2)
(-2 2.620000 2)
(-2 2.630000 2)
(-2 2.650000 2)
(-2 2.660000 2)
(-2 2.670000 2)
(-2 2.680000 2)
(-2 2.700000 2)
(-2 2.710000 2)
(-2 2.720000 2)
(-2 2.730000 2)
(-2 2.740000 2)
(-2 2.760000 2)
(-2 2.770000 2)
(-2 2.780000 2)
(-2 2.790000 2)
(-2 2.810000 2)
(-2 2.820000 2)
(-2 2.830000 2)
(-2 2.840000 2)
(-2 2.850000 2)
(-2 2.870000 2)
(-2 2.880000 2)
(-2 2.890000 2)
(-2 2.900000 2)
(-2 2.920000 2)
(-2 2.930000 2)
(-2 2.940000 2)
(-2 2.950000 2)
(-2 2.960000 2)
(-2 2.970000 2)
(-2 3.000000 2)
)

// ************************************************************************* //
