-5 	348.432 	100000 	0.999645 	-2.08606e-13 	0 	0
-4.98999 	348.432 	100000 	0.999645 	-2.08606e-13 	0 	0
-4.97998 	348.432 	100000 	0.999645 	-2.08606e-13 	0 	0
-4.96997 	348.432 	100000 	0.999645 	-2.08606e-13 	0 	0
-4.95996 	348.432 	100000 	0.999645 	-2.08606e-13 	0 	0
-4.94995 	348.432 	100000 	0.999645 	-2.08631e-13 	0 	0
-4.93994 	348.432 	100000 	0.999645 	-2.13548e-13 	0 	0
-4.92993 	348.432 	100000 	0.999645 	-2.18466e-13 	0 	0
-4.91992 	348.432 	100000 	0.999645 	-2.23384e-13 	0 	0
-4.90991 	348.432 	100000 	0.999645 	-2.28302e-13 	0 	0
-4.8999 	348.432 	100000 	0.999645 	-2.3322e-13 	0 	0
-4.88989 	348.432 	100000 	0.999645 	-2.38137e-13 	0 	0
-4.87988 	348.432 	100000 	0.999645 	-2.43055e-13 	0 	0
-4.86987 	348.432 	100000 	0.999645 	-2.47973e-13 	0 	0
-4.85986 	348.432 	100000 	0.999645 	-2.52891e-13 	0 	0
-4.84985 	348.432 	100000 	0.999645 	-2.57306e-13 	0 	0
-4.83984 	348.432 	100000 	0.999645 	-2.28679e-13 	0 	0
-4.82983 	348.432 	100000 	0.999645 	-2.00053e-13 	0 	0
-4.81982 	348.432 	100000 	0.999645 	-1.71427e-13 	0 	0
-4.80981 	348.432 	100000 	0.999645 	-1.42801e-13 	0 	0
-4.7998 	348.432 	100000 	0.999645 	-1.14175e-13 	0 	0
-4.78979 	348.432 	100000 	0.999645 	-8.55484e-14 	0 	0
-4.77978 	348.432 	100000 	0.999645 	-5.69222e-14 	0 	0
-4.76977 	348.432 	100000 	0.999645 	-2.8296e-14 	0 	0
-4.75976 	348.432 	100000 	0.999645 	3.30159e-16 	0 	0
-4.74975 	348.432 	100000 	0.999645 	2.87619e-14 	0 	0
-4.73974 	348.432 	100000 	0.999645 	4.96108e-14 	0 	0
-4.72973 	348.432 	100000 	0.999645 	7.04597e-14 	0 	0
-4.71972 	348.432 	100000 	0.999645 	9.13086e-14 	0 	0
-4.70971 	348.432 	100000 	0.999645 	1.12157e-13 	0 	0
-4.6997 	348.432 	100000 	0.999645 	1.33006e-13 	0 	0
-4.68969 	348.432 	100000 	0.999645 	1.53855e-13 	0 	0
-4.67968 	348.432 	100000 	0.999645 	1.74704e-13 	0 	0
-4.66967 	348.432 	100000 	0.999645 	1.95553e-13 	0 	0
-4.65966 	348.432 	100000 	0.999645 	2.16402e-13 	0 	0
-4.64965 	348.432 	100000 	0.999645 	2.36031e-13 	0 	0
-4.63964 	348.432 	100000 	0.999645 	2.22018e-13 	0 	0
-4.62963 	348.432 	100000 	0.999645 	2.08005e-13 	0 	0
-4.61962 	348.432 	100000 	0.999645 	1.93992e-13 	0 	0
-4.60961 	348.432 	100000 	0.999645 	1.79979e-13 	0 	0
-4.5996 	348.432 	100000 	0.999645 	1.65967e-13 	0 	0
-4.58959 	348.432 	100000 	0.999645 	1.51954e-13 	0 	0
-4.57958 	348.432 	100000 	0.999645 	1.37941e-13 	0 	0
-4.56957 	348.432 	100000 	0.999645 	1.23928e-13 	0 	0
-4.55956 	348.432 	100000 	0.999645 	1.09916e-13 	0 	0
-4.54955 	348.432 	100000 	0.999645 	9.53657e-14 	0 	0
-4.53954 	348.432 	100000 	0.999645 	6.94161e-14 	0 	0
-4.52953 	348.432 	100000 	0.999645 	4.34665e-14 	0 	0
-4.51952 	348.432 	100000 	0.999645 	1.75169e-14 	0 	0
-4.50951 	348.432 	100000 	0.999645 	-8.43269e-15 	0 	0
-4.4995 	348.432 	100000 	0.999645 	-3.43823e-14 	0 	0
-4.48949 	348.432 	100000 	0.999645 	-6.03319e-14 	0 	0
-4.47948 	348.432 	100000 	0.999645 	-8.62815e-14 	0 	0
-4.46947 	348.432 	100000 	0.999645 	-1.12231e-13 	0 	0
-4.45946 	348.432 	100000 	0.999645 	-1.38181e-13 	0 	0
-4.44945 	348.432 	100000 	0.999645 	-1.64084e-13 	0 	0
-4.43944 	348.432 	100000 	0.999645 	-1.89192e-13 	0 	0
-4.42943 	348.432 	100000 	0.999645 	-2.143e-13 	0 	0
-4.41942 	348.432 	100000 	0.999645 	-2.39408e-13 	0 	0
-4.40941 	348.432 	100000 	0.999645 	-2.64516e-13 	0 	0
-4.3994 	348.432 	100000 	0.999645 	-2.89624e-13 	0 	0
-4.38939 	348.432 	100000 	0.999645 	-3.14732e-13 	0 	0
-4.37938 	348.432 	100000 	0.999645 	-3.3984e-13 	0 	0
-4.36937 	348.432 	100000 	0.999645 	-3.64948e-13 	0 	0
-4.35936 	348.432 	100000 	0.999645 	-3.90056e-13 	0 	0
-4.34935 	348.432 	100000 	0.999645 	-4.12784e-13 	0 	0
-4.33934 	348.432 	100000 	0.999645 	-4.01269e-13 	0 	0
-4.32933 	348.432 	100000 	0.999645 	-3.89754e-13 	0 	0
-4.31932 	348.432 	100000 	0.999645 	-3.7824e-13 	0 	0
-4.30931 	348.432 	100000 	0.999645 	-3.66725e-13 	0 	0
-4.2993 	348.432 	100000 	0.999645 	-3.5521e-13 	0 	0
-4.28929 	348.432 	100000 	0.999645 	-3.43696e-13 	0 	0
-4.27928 	348.432 	100000 	0.999645 	-3.32181e-13 	0 	0
-4.26927 	348.432 	100000 	0.999645 	-3.20667e-13 	0 	0
-4.25926 	348.432 	100000 	0.999645 	-3.09152e-13 	0 	0
-4.24925 	348.432 	100000 	0.999645 	-2.991e-13 	0 	0
-4.23924 	348.432 	100000 	0.999645 	-3.07081e-13 	0 	0
-4.22923 	348.432 	100000 	0.999645 	-3.15062e-13 	0 	0
-4.21922 	348.432 	100000 	0.999645 	-3.23043e-13 	0 	0
-4.20921 	348.432 	100000 	0.999645 	-3.31023e-13 	0 	0
-4.1992 	348.432 	100000 	0.999645 	-3.39004e-13 	0 	0
-4.18919 	348.432 	100000 	0.999645 	-3.46985e-13 	0 	0
-4.17918 	348.432 	100000 	0.999645 	-3.54966e-13 	0 	0
-4.16917 	348.432 	100000 	0.999645 	-3.62947e-13 	0 	0
-4.15916 	348.432 	100000 	0.999645 	-3.70928e-13 	0 	0
-4.14915 	348.432 	100000 	0.999645 	-3.79504e-13 	0 	0
-4.13914 	348.432 	100000 	0.999645 	-3.94476e-13 	0 	0
-4.12913 	348.432 	100000 	0.999645 	-4.09449e-13 	0 	0
-4.11912 	348.432 	100000 	0.999645 	-4.24421e-13 	0 	0
-4.10911 	348.432 	100000 	0.999645 	-4.39394e-13 	0 	0
-4.0991 	348.432 	100000 	0.999645 	-4.54366e-13 	0 	0
-4.08909 	348.432 	100000 	0.999645 	-4.69338e-13 	0 	0
-4.07908 	348.432 	100000 	0.999645 	-4.84311e-13 	0 	0
-4.06907 	348.432 	100000 	0.999645 	-4.99283e-13 	0 	0
-4.05906 	348.432 	100000 	0.999645 	-5.14256e-13 	0 	0
-4.04905 	348.432 	100000 	0.999645 	-5.28681e-13 	0 	0
-4.03904 	348.432 	100000 	0.999645 	-5.37896e-13 	0 	0
-4.02903 	348.432 	100000 	0.999645 	-5.47111e-13 	0 	0
-4.01902 	348.432 	100000 	0.999645 	-5.56326e-13 	0 	0
-4.00901 	348.432 	100000 	0.999645 	-5.65541e-13 	0 	0
-3.999 	348.432 	100000 	0.999645 	-5.74755e-13 	0 	0
-3.98899 	348.432 	100000 	0.999645 	-5.8397e-13 	0 	0
-3.97898 	348.432 	100000 	0.999645 	-5.93185e-13 	0 	0
-3.96897 	348.432 	100000 	0.999645 	-6.024e-13 	0 	0
-3.95896 	348.432 	100000 	0.999645 	-6.11615e-13 	0 	0
-3.94895 	348.432 	100000 	0.999645 	-6.18466e-13 	0 	0
-3.93894 	348.432 	100000 	0.999645 	-6.05171e-13 	0 	0
-3.92893 	348.432 	100000 	0.999645 	-5.91876e-13 	0 	0
-3.91892 	348.432 	100000 	0.999645 	-5.78581e-13 	0 	0
-3.90891 	348.432 	100000 	0.999645 	-5.65286e-13 	0 	0
-3.8989 	348.432 	100000 	0.999645 	-5.51991e-13 	0 	0
-3.88889 	348.432 	100000 	0.999645 	-5.38695e-13 	0 	0
-3.87888 	348.432 	100000 	0.999645 	-5.254e-13 	0 	0
-3.86887 	348.432 	100000 	0.999645 	-5.12105e-13 	0 	0
-3.85886 	348.432 	100000 	0.999645 	-4.9881e-13 	0 	0
-3.84885 	348.432 	100000 	0.999645 	-4.84276e-13 	0 	0
-3.83884 	348.432 	100000 	0.999645 	-4.60206e-13 	0 	0
-3.82883 	348.432 	100000 	0.999645 	-4.36136e-13 	0 	0
-3.81882 	348.432 	100000 	0.999645 	-4.12066e-13 	0 	0
-3.80881 	348.432 	100000 	0.999645 	-3.87996e-13 	0 	0
-3.7988 	348.432 	100000 	0.999645 	-3.63926e-13 	0 	0
-3.78879 	348.432 	100000 	0.999645 	-3.39856e-13 	0 	0
-3.77878 	348.432 	100000 	0.999645 	-3.15786e-13 	0 	0
-3.76877 	348.432 	100000 	0.999645 	-2.91716e-13 	0 	0
-3.75876 	348.432 	100000 	0.999645 	-2.67646e-13 	0 	0
-3.74875 	348.432 	100000 	0.999645 	-2.43943e-13 	0 	0
-3.73874 	348.432 	100000 	0.999645 	-2.22806e-13 	0 	0
-3.72873 	348.432 	100000 	0.999645 	-2.01669e-13 	0 	0
-3.71872 	348.432 	100000 	0.999645 	-1.80532e-13 	0 	0
-3.70871 	348.432 	100000 	0.999645 	-1.59395e-13 	0 	0
-3.6987 	348.432 	100000 	0.999645 	-1.38259e-13 	0 	0
-3.68869 	348.432 	100000 	0.999645 	-1.17122e-13 	0 	0
-3.67868 	348.432 	100000 	0.999645 	-9.59849e-14 	0 	0
-3.66867 	348.432 	100000 	0.999645 	-7.4848e-14 	0 	0
-3.65866 	348.432 	100000 	0.999645 	-5.37112e-14 	0 	0
-3.64865 	348.432 	100000 	0.999645 	-3.60303e-14 	0 	0
-3.63864 	348.432 	100000 	0.999645 	-4.04932e-14 	0 	0
-3.62863 	348.432 	100000 	0.999645 	-4.4956e-14 	0 	0
-3.61862 	348.432 	100000 	0.999645 	-4.94189e-14 	0 	0
-3.60861 	348.432 	100000 	0.999645 	-5.38818e-14 	0 	0
-3.5986 	348.432 	100000 	0.999645 	-5.83447e-14 	0 	0
-3.58859 	348.432 	100000 	0.999645 	-6.28075e-14 	0 	0
-3.57858 	348.432 	100000 	0.999645 	-6.72704e-14 	0 	0
-3.56857 	348.432 	100000 	0.999645 	-7.17333e-14 	0 	0
-3.55856 	348.432 	100000 	0.999645 	-7.61961e-14 	0 	0
-3.54855 	348.432 	100000 	0.999645 	-7.96348e-14 	0 	0
-3.53854 	348.432 	100000 	0.999645 	-7.70342e-14 	0 	0
-3.52853 	348.432 	100000 	0.999645 	-7.44336e-14 	0 	0
-3.51852 	348.432 	100000 	0.999645 	-7.18329e-14 	0 	0
-3.50851 	348.432 	100000 	0.999645 	-6.92323e-14 	0 	0
-3.4985 	348.432 	100000 	0.999645 	-6.66317e-14 	0 	0
-3.48849 	348.432 	100000 	0.999645 	-6.40311e-14 	0 	0
-3.47848 	348.432 	100000 	0.999645 	-6.14305e-14 	0 	0
-3.46847 	348.432 	100000 	0.999645 	-5.88298e-14 	0 	0
-3.45846 	348.432 	100000 	0.999645 	-5.62292e-14 	0 	0
-3.44845 	348.432 	100000 	0.999645 	-5.46976e-14 	0 	0
-3.43844 	348.432 	100000 	0.999645 	-5.89934e-14 	0 	0
-3.42843 	348.432 	100000 	0.999645 	-6.32893e-14 	0 	0
-3.41842 	348.432 	100000 	0.999645 	-6.75852e-14 	0 	0
-3.40841 	348.432 	100000 	0.999645 	-7.18811e-14 	0 	0
-3.3984 	348.432 	100000 	0.999645 	-7.61769e-14 	0 	0
-3.38839 	348.432 	100000 	0.999645 	-8.04728e-14 	0 	0
-3.37838 	348.432 	100000 	0.999645 	-8.47687e-14 	0 	0
-3.36837 	348.432 	100000 	0.999645 	-8.90646e-14 	0 	0
-3.35836 	348.432 	100000 	0.999645 	-9.33604e-14 	0 	0
-3.34835 	348.432 	100000 	0.999645 	-9.55235e-14 	0 	0
-3.33834 	348.432 	100000 	0.999645 	-8.6893e-14 	0 	0
-3.32833 	348.432 	100000 	0.999645 	-7.82626e-14 	0 	0
-3.31832 	348.432 	100000 	0.999645 	-6.96322e-14 	0 	0
-3.30831 	348.432 	100000 	0.999645 	-6.10017e-14 	0 	0
-3.2983 	348.432 	100000 	0.999645 	-5.23713e-14 	0 	0
-3.28829 	348.432 	100000 	0.999645 	-4.37408e-14 	0 	0
-3.27828 	348.432 	100000 	0.999645 	-3.51104e-14 	0 	0
-3.26827 	348.432 	100000 	0.999645 	-2.648e-14 	0 	0
-3.25826 	348.432 	100000 	0.999645 	-1.78495e-14 	0 	0
-3.24825 	348.432 	100000 	0.999645 	-9.18841e-15 	0 	0
-3.23824 	348.432 	100000 	0.999645 	-3.82755e-16 	0 	0
-3.22823 	348.432 	100000 	0.999645 	8.4229e-15 	0 	0
-3.21822 	348.432 	100000 	0.999645 	1.72286e-14 	0 	0
-3.20821 	348.432 	100000 	0.999645 	2.60342e-14 	0 	0
-3.1982 	348.432 	100000 	0.999645 	3.48399e-14 	0 	0
-3.18819 	348.432 	100000 	0.999645 	4.36455e-14 	0 	0
-3.17818 	348.432 	100000 	0.999645 	5.24512e-14 	0 	0
-3.16817 	348.432 	100000 	0.999645 	6.12568e-14 	0 	0
-3.15816 	348.432 	100000 	0.999645 	7.00625e-14 	0 	0
-3.14815 	348.432 	100000 	0.999645 	7.55359e-14 	0 	0
-3.13814 	348.432 	100000 	0.999645 	6.63293e-14 	0 	0
-3.12813 	348.432 	100000 	0.999645 	5.71227e-14 	0 	0
-3.11812 	348.432 	100000 	0.999645 	4.79161e-14 	0 	0
-3.10811 	348.432 	100000 	0.999645 	3.87095e-14 	0 	0
-3.0981 	348.432 	100000 	0.999645 	2.95029e-14 	0 	0
-3.08809 	348.432 	100000 	0.999645 	2.02963e-14 	0 	0
-3.07808 	348.432 	100000 	0.999645 	1.10897e-14 	0 	0
-3.06807 	348.432 	100000 	0.999645 	1.88311e-15 	0 	0
-3.05806 	348.432 	100000 	0.999645 	-7.32349e-15 	0 	0
-3.04805 	348.432 	100000 	0.999645 	-1.62106e-14 	0 	0
-3.03804 	348.432 	100000 	0.999645 	-2.37791e-14 	0 	0
-3.02803 	348.432 	100000 	0.999645 	-3.13475e-14 	0 	0
-3.01802 	348.432 	100000 	0.999645 	-3.8916e-14 	0 	0
-3.00801 	348.432 	100000 	0.999645 	-4.64844e-14 	0 	0
-2.998 	348.432 	100000 	0.999645 	-5.40529e-14 	0 	0
-2.98799 	348.432 	100000 	0.999645 	-6.16213e-14 	0 	0
-2.97798 	348.432 	100000 	0.999645 	-6.91898e-14 	0 	0
-2.96797 	348.432 	100000 	0.999645 	-7.67582e-14 	0 	0
-2.95796 	348.432 	100000 	0.999645 	-8.43267e-14 	0 	0
-2.94795 	348.432 	100000 	0.999645 	-7.26155e-14 	0 	0
-2.93794 	348.432 	100000 	0.999645 	1.3863e-14 	0 	0
-2.92793 	348.432 	100000 	0.999645 	1.00342e-13 	0 	0
-2.91792 	348.432 	100000 	0.999645 	1.8682e-13 	0 	0
-2.90791 	348.432 	100000 	0.999645 	2.73299e-13 	0 	0
-2.8979 	348.432 	100000 	0.999645 	3.59777e-13 	0 	0
-2.88789 	348.432 	100000 	0.999645 	4.46256e-13 	0 	0
-2.87788 	348.432 	100000 	0.999645 	5.32734e-13 	0 	0
-2.86787 	348.432 	100000 	0.999645 	6.19213e-13 	0 	0
-2.85786 	348.432 	100000 	0.999645 	7.05691e-13 	0 	0
-2.84785 	348.432 	100000 	0.999645 	4.246e-10 	0 	0
-2.83784 	348.432 	100000 	0.999645 	2.39588e-09 	0 	0
-2.82783 	348.432 	100000 	0.999645 	4.36717e-09 	0 	0
-2.81782 	348.432 	100000 	0.999645 	6.33845e-09 	0 	0
-2.80781 	348.432 	100000 	0.999645 	8.30974e-09 	0 	0
-2.7978 	348.432 	100000 	0.999645 	1.0281e-08 	0 	0
-2.78779 	348.432 	100000 	0.999645 	1.22523e-08 	0 	0
-2.77778 	348.432 	100000 	0.999645 	1.42236e-08 	0 	0
-2.76777 	348.432 	100000 	0.999645 	1.61949e-08 	0 	0
-2.75776 	348.432 	100000 	0.999645 	1.81662e-08 	0 	0
-2.74775 	348.432 	100000 	0.999645 	1.09269e-06 	0 	0
-2.73774 	348.432 	100000 	0.999645 	5.86156e-06 	0 	0
-2.72773 	348.432 	100000 	0.999645 	1.06304e-05 	0 	0
-2.71772 	348.432 	100000 	0.999645 	1.53993e-05 	0 	0
-2.70771 	348.432 	100000 	0.999645 	2.01682e-05 	0 	0
-2.6977 	348.432 	100000 	0.999645 	2.4937e-05 	0 	0
-2.68769 	348.432 	100000 	0.999645 	2.97059e-05 	0 	0
-2.67768 	348.432 	100000 	0.999645 	3.44748e-05 	0 	0
-2.66767 	348.432 	100000 	0.999645 	3.92436e-05 	0 	0
-2.65766 	348.432 	100000 	0.999645 	4.40125e-05 	0 	0
-2.64765 	348.432 	99999.9 	0.999644 	0.000303861 	0 	0
-2.63764 	348.432 	99999.5 	0.999641 	0.00139408 	0 	0
-2.62763 	348.431 	99999.1 	0.999639 	0.00248429 	0 	0
-2.61762 	348.431 	99998.7 	0.999636 	0.0035745 	0 	0
-2.60761 	348.43 	99998.3 	0.999633 	0.00466472 	0 	0
-2.5976 	348.43 	99997.9 	0.99963 	0.00575493 	0 	0
-2.58759 	348.43 	99997.4 	0.999627 	0.00684515 	0 	0
-2.57758 	348.429 	99997 	0.999624 	0.00793536 	0 	0
-2.56757 	348.429 	99996.6 	0.999621 	0.00902557 	0 	0
-2.55756 	348.428 	99996.2 	0.999618 	0.0101158 	0 	0
-2.54755 	348.425 	99992.6 	0.999592 	0.0198054 	0 	0
-2.53754 	348.411 	99979.1 	0.999496 	0.0559953 	0 	0
-2.52753 	348.398 	99965.5 	0.999399 	0.0921852 	0 	0
-2.51752 	348.384 	99952 	0.999302 	0.128375 	0 	0
-2.50751 	348.371 	99938.5 	0.999206 	0.164565 	0 	0
-2.4975 	348.358 	99924.9 	0.999109 	0.200755 	0 	0
-2.48749 	348.344 	99911.4 	0.999012 	0.236945 	0 	0
-2.47748 	348.331 	99897.8 	0.998915 	0.273135 	0 	0
-2.46747 	348.317 	99884.3 	0.998819 	0.309325 	0 	0
-2.45746 	348.304 	99870.8 	0.998722 	0.345515 	0 	0
-2.44745 	348.268 	99834.7 	0.998464 	0.442225 	0 	0
-2.43744 	348.166 	99732.9 	0.997735 	0.715752 	0 	0
-2.42743 	348.065 	99631.1 	0.997005 	0.989279 	0 	0
-2.41742 	347.963 	99529.2 	0.996276 	1.26281 	0 	0
-2.40741 	347.862 	99427.4 	0.995547 	1.53633 	0 	0
-2.3974 	347.76 	99325.6 	0.994817 	1.80986 	0 	0
-2.38739 	347.658 	99223.7 	0.994088 	2.08339 	0 	0
-2.37738 	347.557 	99121.9 	0.993359 	2.35691 	0 	0
-2.36737 	347.455 	99020.1 	0.992629 	2.63044 	0 	0
-2.35736 	347.354 	98918.2 	0.9919 	2.90397 	0 	0
-2.34735 	347.207 	98771.9 	0.99085 	3.30001 	0 	0
-2.33734 	346.933 	98502.2 	0.988909 	4.03587 	0 	0
-2.32733 	346.66 	98232.4 	0.986968 	4.77172 	0 	0
-2.31732 	346.387 	97962.6 	0.985027 	5.50758 	0 	0
-2.30731 	346.114 	97692.9 	0.983085 	6.24343 	0 	0
-2.2973 	345.841 	97423.1 	0.981144 	6.97929 	0 	0
-2.28729 	345.568 	97153.4 	0.979203 	7.71514 	0 	0
-2.27728 	345.294 	96883.6 	0.977262 	8.451 	0 	0
-2.26727 	345.021 	96613.8 	0.975321 	9.18685 	0 	0
-2.25726 	344.748 	96344.1 	0.97338 	9.92271 	0 	0
-2.24725 	344.44 	96042.7 	0.971205 	10.7533 	0 	0
-2.23724 	344.04 	95658.1 	0.968413 	11.8338 	0 	0
-2.22723 	343.64 	95273.5 	0.96562 	12.9143 	0 	0
-2.21722 	343.24 	94888.9 	0.962828 	13.9948 	0 	0
-2.20721 	342.84 	94504.3 	0.960035 	15.0753 	0 	0
-2.1972 	342.441 	94119.7 	0.957243 	16.1557 	0 	0
-2.18719 	342.041 	93735 	0.95445 	17.2362 	0 	0
-2.17718 	341.641 	93350.4 	0.951658 	18.3167 	0 	0
-2.16717 	341.241 	92965.8 	0.948865 	19.3972 	0 	0
-2.15716 	340.841 	92581.2 	0.946073 	20.4777 	0 	0
-2.14715 	340.428 	92187.8 	0.943206 	21.5957 	0 	0
-2.13714 	339.982 	91772.2 	0.940152 	22.8082 	0 	0
-2.12713 	339.536 	91356.6 	0.937098 	24.0206 	0 	0
-2.11712 	339.09 	90941.1 	0.934044 	25.233 	0 	0
-2.10711 	338.644 	90525.5 	0.93099 	26.4454 	0 	0
-2.0971 	338.198 	90109.9 	0.927936 	27.6579 	0 	0
-2.08709 	337.752 	89694.4 	0.924882 	28.8703 	0 	0
-2.07708 	337.306 	89278.8 	0.921828 	30.0827 	0 	0
-2.06707 	336.86 	88863.2 	0.918774 	31.2951 	0 	0
-2.05706 	336.414 	88447.7 	0.91572 	32.5075 	0 	0
-2.04705 	335.966 	88033.5 	0.912665 	33.7304 	0 	0
-2.03704 	335.51 	87622.9 	0.909606 	34.9781 	0 	0
-2.02703 	335.054 	87212.2 	0.906548 	36.2259 	0 	0
-2.01702 	334.598 	86801.5 	0.903489 	37.4736 	0 	0
-2.00701 	334.143 	86390.8 	0.90043 	38.7213 	0 	0
-1.997 	333.687 	85980.1 	0.897372 	39.9691 	0 	0
-1.98699 	333.231 	85569.5 	0.894313 	41.2168 	0 	0
-1.97698 	332.775 	85158.8 	0.891255 	42.4645 	0 	0
-1.96697 	332.32 	84748.1 	0.888196 	43.7123 	0 	0
-1.95696 	331.864 	84337.4 	0.885138 	44.96 	0 	0
-1.94695 	331.408 	83930.8 	0.882097 	46.2111 	0 	0
-1.93694 	330.951 	83533.3 	0.879095 	47.4697 	0 	0
-1.92693 	330.495 	83135.7 	0.876094 	48.7283 	0 	0
-1.91692 	330.038 	82738.2 	0.873092 	49.9869 	0 	0
-1.90691 	329.582 	82340.7 	0.870091 	51.2455 	0 	0
-1.8969 	329.125 	81943.2 	0.86709 	52.5041 	0 	0
-1.88689 	328.668 	81545.7 	0.864088 	53.7627 	0 	0
-1.87688 	328.212 	81148.2 	0.861087 	55.0213 	0 	0
-1.86687 	327.755 	80750.7 	0.858085 	56.2799 	0 	0
-1.85686 	327.299 	80353.2 	0.855084 	57.5386 	0 	0
-1.84685 	326.842 	79960.2 	0.852104 	58.7993 	0 	0
-1.83684 	326.387 	79576.9 	0.849169 	60.0646 	0 	0
-1.82683 	325.931 	79193.6 	0.846234 	61.33 	0 	0
-1.81682 	325.475 	78810.3 	0.8433 	62.5953 	0 	0
-1.80681 	325.019 	78427 	0.840365 	63.8606 	0 	0
-1.7968 	324.564 	78043.7 	0.83743 	65.126 	0 	0
-1.78679 	324.108 	77660.5 	0.834496 	66.3913 	0 	0
-1.77678 	323.652 	77277.2 	0.831561 	67.6566 	0 	0
-1.76677 	323.196 	76893.9 	0.828627 	68.922 	0 	0
-1.75676 	322.741 	76510.6 	0.825692 	70.1873 	0 	0
-1.74675 	322.285 	76131.9 	0.822779 	71.4546 	0 	0
-1.73674 	321.831 	75762.7 	0.819912 	72.7259 	0 	0
-1.72673 	321.376 	75393.6 	0.817046 	73.9972 	0 	0
-1.71672 	320.921 	75024.4 	0.814179 	75.2685 	0 	0
-1.70671 	320.467 	74655.2 	0.811312 	76.5398 	0 	0
-1.6967 	320.012 	74286 	0.808445 	77.8111 	0 	0
-1.68669 	319.557 	73916.8 	0.805578 	79.0824 	0 	0
-1.67668 	319.103 	73547.7 	0.802711 	80.3538 	0 	0
-1.66667 	318.648 	73178.5 	0.799844 	81.6251 	0 	0
-1.65666 	318.193 	72809.3 	0.796977 	82.8964 	0 	0
-1.64665 	317.739 	72444.8 	0.794133 	84.1695 	0 	0
-1.63664 	317.286 	72089.5 	0.791335 	85.4463 	0 	0
-1.62663 	316.832 	71734.3 	0.788536 	86.7231 	0 	0
-1.61662 	316.379 	71379 	0.785738 	87.9999 	0 	0
-1.60661 	315.926 	71023.7 	0.782939 	89.2767 	0 	0
-1.5966 	315.472 	70668.5 	0.78014 	90.5535 	0 	0
-1.58659 	315.019 	70313.2 	0.777342 	91.8303 	0 	0
-1.57658 	314.566 	69957.9 	0.774543 	93.1071 	0 	0
-1.56657 	314.112 	69602.7 	0.771745 	94.3839 	0 	0
-1.55656 	313.659 	69247.4 	0.768946 	95.6607 	0 	0
-1.54655 	313.206 	68896.9 	0.766171 	96.9392 	0 	0
-1.53654 	312.754 	68555.3 	0.763441 	98.2211 	0 	0
-1.52653 	312.302 	68213.7 	0.760711 	99.503 	0 	0
-1.51652 	311.85 	67872.1 	0.757981 	100.785 	0 	0
-1.50651 	311.398 	67530.5 	0.755251 	102.067 	0 	0
-1.4965 	310.946 	67188.9 	0.752522 	103.349 	0 	0
-1.48649 	310.494 	66847.3 	0.749792 	104.631 	0 	0
-1.47648 	310.042 	66505.7 	0.747062 	105.912 	0 	0
-1.46647 	309.59 	66164.1 	0.744332 	107.194 	0 	0
-1.45646 	309.139 	65822.5 	0.741602 	108.476 	0 	0
-1.44645 	308.687 	65485.7 	0.738896 	109.76 	0 	0
-1.43644 	308.237 	65157.5 	0.736234 	111.046 	0 	0
-1.42643 	307.787 	64829.2 	0.733573 	112.333 	0 	0
-1.41642 	307.336 	64501 	0.730911 	113.619 	0 	0
-1.40641 	306.886 	64172.8 	0.728249 	114.906 	0 	0
-1.3964 	306.436 	63844.6 	0.725588 	116.193 	0 	0
-1.38639 	305.986 	63516.4 	0.722926 	117.479 	0 	0
-1.37638 	305.535 	63188.2 	0.720264 	118.766 	0 	0
-1.36637 	305.085 	62859.9 	0.717603 	120.052 	0 	0
-1.35636 	304.635 	62531.7 	0.714941 	121.339 	0 	0
-1.34635 	304.185 	62208.3 	0.712304 	122.627 	0 	0
-1.33634 	303.737 	61893 	0.70971 	123.919 	0 	0
-1.32633 	303.288 	61577.8 	0.707116 	125.21 	0 	0
-1.31632 	302.84 	61262.6 	0.704522 	126.502 	0 	0
-1.30631 	302.391 	60947.4 	0.701927 	127.793 	0 	0
-1.2963 	301.943 	60632.2 	0.699333 	129.085 	0 	0
-1.28629 	301.494 	60317 	0.696739 	130.376 	0 	0
-1.27628 	301.045 	60001.8 	0.694145 	131.668 	0 	0
-1.26627 	300.597 	59686.6 	0.691551 	132.959 	0 	0
-1.25626 	300.148 	59371.4 	0.688956 	134.251 	0 	0
-1.24625 	299.7 	59060.9 	0.686387 	135.544 	0 	0
-1.23624 	299.253 	58758.3 	0.683859 	136.841 	0 	0
-1.22623 	298.806 	58455.7 	0.681331 	138.137 	0 	0
-1.21622 	298.359 	58153.1 	0.678803 	139.433 	0 	0
-1.20621 	297.912 	57850.5 	0.676275 	140.73 	0 	0
-1.1962 	297.465 	57547.9 	0.673747 	142.026 	0 	0
-1.18619 	297.018 	57245.3 	0.671219 	143.323 	0 	0
-1.17618 	296.571 	56942.7 	0.668691 	144.619 	0 	0
-1.16617 	296.124 	56640.1 	0.666163 	145.915 	0 	0
-1.15616 	295.677 	56337.5 	0.663635 	147.212 	0 	0
-1.14615 	295.231 	56039.6 	0.661132 	148.51 	0 	0
-1.13614 	294.785 	55749.2 	0.658669 	149.812 	0 	0
-1.12613 	294.34 	55458.7 	0.656205 	151.114 	0 	0
-1.11612 	293.894 	55168.3 	0.653742 	152.416 	0 	0
-1.10611 	293.449 	54877.9 	0.651279 	153.717 	0 	0
-1.0961 	293.003 	54587.4 	0.648816 	155.019 	0 	0
-1.08609 	292.558 	54297 	0.646353 	156.321 	0 	0
-1.07608 	292.112 	54006.6 	0.64389 	157.623 	0 	0
-1.06607 	291.667 	53716.1 	0.641426 	158.925 	0 	0
-1.05606 	291.221 	53425.7 	0.638963 	160.226 	0 	0
-1.04605 	290.777 	53139.9 	0.636525 	161.531 	0 	0
-1.03604 	290.333 	52861.2 	0.634125 	162.838 	0 	0
-1.02603 	289.889 	52582.5 	0.631725 	164.146 	0 	0
-1.01602 	289.445 	52303.9 	0.629325 	165.453 	0 	0
-1.00601 	289.001 	52025.2 	0.626925 	166.761 	0 	0
-0.995996 	288.557 	51746.5 	0.624525 	168.069 	0 	0
-0.985986 	288.113 	51467.8 	0.622125 	169.376 	0 	0
-0.975976 	287.669 	51189.1 	0.619725 	170.684 	0 	0
-0.965966 	287.225 	50910.4 	0.617325 	171.991 	0 	0
-0.955956 	286.781 	50631.7 	0.614925 	173.299 	0 	0
-0.945946 	286.338 	50357.6 	0.61255 	174.609 	0 	0
-0.935936 	285.895 	50090.3 	0.610212 	175.923 	0 	0
-0.925926 	285.452 	49822.9 	0.607873 	177.237 	0 	0
-0.915916 	285.009 	49555.5 	0.605535 	178.551 	0 	0
-0.905906 	284.567 	49288.2 	0.603197 	179.864 	0 	0
-0.895896 	284.124 	49020.8 	0.600858 	181.178 	0 	0
-0.885886 	283.681 	48753.5 	0.59852 	182.492 	0 	0
-0.875876 	283.238 	48486.1 	0.596182 	183.806 	0 	0
-0.865866 	282.796 	48218.8 	0.593843 	185.12 	0 	0
-0.855856 	282.353 	47951.4 	0.591505 	186.433 	0 	0
-0.845846 	281.911 	47688.6 	0.589192 	187.75 	0 	0
-0.835836 	281.469 	47432.2 	0.586914 	189.07 	0 	0
-0.825826 	281.028 	47175.9 	0.584636 	190.391 	0 	0
-0.815816 	280.586 	46919.5 	0.582358 	191.711 	0 	0
-0.805806 	280.145 	46663.1 	0.580081 	193.032 	0 	0
-0.795796 	279.704 	46406.7 	0.577803 	194.352 	0 	0
-0.785786 	279.262 	46150.3 	0.575525 	195.672 	0 	0
-0.775776 	278.821 	45894 	0.573247 	196.993 	0 	0
-0.765766 	278.379 	45637.6 	0.57097 	198.313 	0 	0
-0.755756 	277.938 	45381.2 	0.568692 	199.634 	0 	0
-0.745746 	277.497 	45129.4 	0.56644 	200.957 	0 	0
-0.735736 	277.057 	44883.7 	0.564222 	202.284 	0 	0
-0.725726 	276.617 	44638 	0.562005 	203.611 	0 	0
-0.715716 	276.177 	44392.4 	0.559787 	204.937 	0 	0
-0.705706 	275.737 	44146.7 	0.557569 	206.264 	0 	0
-0.695696 	275.297 	43901 	0.555352 	207.591 	0 	0
-0.685686 	274.857 	43655.3 	0.553134 	208.918 	0 	0
-0.675676 	274.417 	43409.7 	0.550917 	210.245 	0 	0
-0.665666 	273.977 	43164 	0.548699 	211.572 	0 	0
-0.655656 	273.537 	42918.3 	0.546482 	212.898 	0 	0
-0.645646 	273.097 	42677.2 	0.544291 	214.228 	0 	0
-0.635636 	272.659 	42442.1 	0.542134 	215.56 	0 	0
-0.625626 	272.221 	42207 	0.539978 	216.892 	0 	0
-0.615616 	271.783 	41971.9 	0.537822 	218.224 	0 	0
-0.605606 	271.344 	41736.9 	0.535665 	219.556 	0 	0
-0.595596 	270.906 	41501.8 	0.533509 	220.889 	0 	0
-0.585586 	270.468 	41266.7 	0.531352 	222.221 	0 	0
-0.575576 	270.03 	41031.6 	0.529196 	223.553 	0 	0
-0.565566 	269.591 	40796.5 	0.527039 	224.885 	0 	0
-0.555556 	269.153 	40561.4 	0.524883 	226.218 	0 	0
-0.545546 	268.716 	40331 	0.522755 	227.551 	0 	0
-0.535536 	268.281 	40106.7 	0.520663 	228.886 	0 	0
-0.525526 	267.845 	39882.3 	0.518571 	230.222 	0 	0
-0.515516 	267.409 	39657.9 	0.516479 	231.557 	0 	0
-0.505506 	266.974 	39433.5 	0.514387 	232.892 	0 	0
-0.495495 	266.538 	39209.1 	0.512295 	234.227 	0 	0
-0.485485 	266.102 	38984.7 	0.510203 	235.563 	0 	0
-0.475475 	265.667 	38760.3 	0.508111 	236.898 	0 	0
-0.465465 	265.231 	38535.9 	0.506019 	238.233 	0 	0
-0.455455 	264.795 	38311.5 	0.503927 	239.568 	0 	0
-0.445445 	264.362 	38092.2 	0.501868 	240.902 	0 	0
-0.435435 	263.931 	37879 	0.499848 	242.234 	0 	0
-0.425425 	263.5 	37665.9 	0.497827 	243.566 	0 	0
-0.415415 	263.069 	37452.7 	0.495807 	244.897 	0 	0
-0.405405 	262.638 	37239.6 	0.493787 	246.229 	0 	0
-0.395395 	262.207 	37026.4 	0.491767 	247.561 	0 	0
-0.385385 	261.776 	36813.2 	0.489746 	248.893 	0 	0
-0.375375 	261.345 	36600.1 	0.487726 	250.225 	0 	0
-0.365365 	260.914 	36386.9 	0.485706 	251.557 	0 	0
-0.355355 	260.483 	36173.7 	0.483686 	252.888 	0 	0
-0.345345 	260.056 	35966.7 	0.48171 	254.212 	0 	0
-0.335335 	259.635 	35766.8 	0.479784 	255.525 	0 	0
-0.325325 	259.214 	35566.9 	0.477858 	256.838 	0 	0
-0.315315 	258.792 	35367 	0.475933 	258.151 	0 	0
-0.305305 	258.371 	35167.1 	0.474007 	259.464 	0 	0
-0.295295 	257.95 	34967.2 	0.472081 	260.777 	0 	0
-0.285285 	257.529 	34767.3 	0.470156 	262.09 	0 	0
-0.275275 	257.108 	34567.4 	0.46823 	263.403 	0 	0
-0.265265 	256.686 	34367.5 	0.466305 	264.716 	0 	0
-0.255255 	256.265 	34167.6 	0.464379 	266.029 	0 	0
-0.245245 	255.856 	33976.6 	0.462526 	267.31 	0 	0
-0.235235 	255.46 	33795.6 	0.460752 	268.555 	0 	0
-0.225225 	255.064 	33614.5 	0.458979 	269.8 	0 	0
-0.215215 	254.668 	33433.5 	0.457206 	271.046 	0 	0
-0.205205 	254.271 	33252.4 	0.455433 	272.291 	0 	0
-0.195195 	253.875 	33071.4 	0.453659 	273.537 	0 	0
-0.185185 	253.479 	32890.4 	0.451886 	274.782 	0 	0
-0.175175 	253.083 	32709.3 	0.450113 	276.028 	0 	0
-0.165165 	252.687 	32528.3 	0.44834 	277.273 	0 	0
-0.155155 	252.291 	32347.2 	0.446566 	278.519 	0 	0
-0.145145 	251.93 	32184 	0.444955 	279.667 	0 	0
-0.135135 	251.606 	32039.7 	0.443515 	280.712 	0 	0
-0.125125 	251.281 	31895.3 	0.442075 	281.757 	0 	0
-0.115115 	250.957 	31751 	0.440636 	282.802 	0 	0
-0.105105 	250.633 	31606.7 	0.439196 	283.847 	0 	0
-0.0950951 	250.309 	31462.3 	0.437757 	284.892 	0 	0
-0.0850851 	249.984 	31318 	0.436317 	285.937 	0 	0
-0.0750751 	249.66 	31173.7 	0.434877 	286.982 	0 	0
-0.0650651 	249.336 	31029.3 	0.433438 	288.027 	0 	0
-0.0550551 	249.012 	30885 	0.431998 	289.072 	0 	0
-0.045045 	248.753 	30773.9 	0.430899 	289.878 	0 	0
-0.035035 	248.56 	30696.8 	0.430148 	290.438 	0 	0
-0.025025 	248.367 	30619.7 	0.429397 	290.999 	0 	0
-0.015015 	248.174 	30542.6 	0.428646 	291.56 	0 	0
-0.00500501 	247.981 	30465.5 	0.427895 	292.121 	0 	0
0.00500501 	247.789 	30388.3 	0.427144 	292.681 	0 	0
0.015015 	247.596 	30311.2 	0.426393 	293.242 	0 	0
0.025025 	247.403 	30234.1 	0.425642 	293.803 	0 	0
0.035035 	247.21 	30157 	0.424891 	294.364 	0 	0
0.045045 	247.017 	30079.9 	0.42414 	294.924 	0 	0
0.0550551 	246.924 	30040.4 	0.423747 	295.215 	0 	0
0.0650651 	246.928 	30037.9 	0.423704 	295.241 	0 	0
0.0750751 	246.932 	30035.4 	0.423662 	295.268 	0 	0
0.0850851 	246.936 	30032.9 	0.42362 	295.294 	0 	0
0.0950951 	246.94 	30030.4 	0.423577 	295.32 	0 	0
0.105105 	246.945 	30027.9 	0.423535 	295.346 	0 	0
0.115115 	246.949 	30025.4 	0.423493 	295.373 	0 	0
0.125125 	246.953 	30022.9 	0.42345 	295.399 	0 	0
0.135135 	246.957 	30020.4 	0.423408 	295.425 	0 	0
0.145145 	246.961 	30017.9 	0.423366 	295.451 	0 	0
0.155155 	247.013 	30036.8 	0.423542 	295.316 	0 	0
0.165165 	247.109 	30075.7 	0.423924 	295.029 	0 	0
0.175175 	247.206 	30114.7 	0.424307 	294.742 	0 	0
0.185185 	247.303 	30153.6 	0.424689 	294.455 	0 	0
0.195195 	247.399 	30192.6 	0.425071 	294.168 	0 	0
0.205205 	247.496 	30231.5 	0.425454 	293.881 	0 	0
0.215215 	247.592 	30270.5 	0.425836 	293.594 	0 	0
0.225225 	247.689 	30309.4 	0.426219 	293.307 	0 	0
0.235235 	247.786 	30348.4 	0.426601 	293.02 	0 	0
0.245245 	247.882 	30387.3 	0.426983 	292.733 	0 	0
0.255255 	247.921 	30403 	0.427136 	292.619 	0 	0
0.265265 	247.909 	30397.5 	0.427081 	292.66 	0 	0
0.275275 	247.897 	30392.1 	0.427026 	292.701 	0 	0
0.285285 	247.884 	30386.7 	0.426971 	292.742 	0 	0
0.295295 	247.872 	30381.2 	0.426916 	292.783 	0 	0
0.305305 	247.859 	30375.8 	0.426861 	292.824 	0 	0
0.315315 	247.847 	30370.4 	0.426806 	292.865 	0 	0
0.325325 	247.835 	30365 	0.426751 	292.907 	0 	0
0.335335 	247.822 	30359.5 	0.426697 	292.948 	0 	0
0.345345 	247.81 	30354.1 	0.426642 	292.989 	0 	0
0.355355 	247.8 	30349.4 	0.426592 	293.026 	0 	0
0.365365 	247.792 	30345.2 	0.426547 	293.059 	0 	0
0.375375 	247.784 	30341 	0.426502 	293.092 	0 	0
0.385385 	247.776 	30336.8 	0.426457 	293.126 	0 	0
0.395395 	247.768 	30332.6 	0.426412 	293.159 	0 	0
0.405405 	247.76 	30328.4 	0.426367 	293.192 	0 	0
0.415415 	247.752 	30324.3 	0.426322 	293.226 	0 	0
0.425425 	247.744 	30320.1 	0.426277 	293.259 	0 	0
0.435435 	247.736 	30315.9 	0.426232 	293.293 	0 	0
0.445445 	247.728 	30311.7 	0.426186 	293.326 	0 	0
0.455455 	247.72 	30309.1 	0.426163 	293.345 	0 	0
0.465465 	247.713 	30307.8 	0.426157 	293.353 	0 	0
0.475475 	247.706 	30306.5 	0.426151 	293.361 	0 	0
0.485485 	247.699 	30305.3 	0.426146 	293.369 	0 	0
0.495495 	247.692 	30304 	0.42614 	293.377 	0 	0
0.505506 	247.685 	30302.7 	0.426134 	293.385 	0 	0
0.515516 	247.677 	30301.4 	0.426129 	293.393 	0 	0
0.525526 	247.67 	30300.1 	0.426123 	293.401 	0 	0
0.535536 	247.663 	30298.9 	0.426117 	293.409 	0 	0
0.545546 	247.656 	30297.6 	0.426112 	293.417 	0 	0
0.555556 	247.646 	30296.1 	0.426109 	293.426 	0 	0
0.565566 	247.634 	30294.6 	0.426108 	293.435 	0 	0
0.575576 	247.621 	30293 	0.426108 	293.445 	0 	0
0.585586 	247.609 	30291.5 	0.426108 	293.454 	0 	0
0.595596 	247.596 	30289.9 	0.426107 	293.463 	0 	0
0.605606 	247.583 	30288.4 	0.426107 	293.472 	0 	0
0.615616 	247.571 	30286.8 	0.426106 	293.481 	0 	0
0.625626 	247.558 	30285.3 	0.426106 	293.491 	0 	0
0.635636 	247.546 	30283.7 	0.426106 	293.5 	0 	0
0.645646 	247.533 	30282.2 	0.426105 	293.509 	0 	0
0.655656 	247.517 	30280.5 	0.42611 	293.521 	0 	0
0.665666 	247.498 	30278.8 	0.426119 	293.534 	0 	0
0.675676 	247.478 	30277.1 	0.426129 	293.547 	0 	0
0.685686 	247.459 	30275.3 	0.426138 	293.561 	0 	0
0.695696 	247.439 	30273.6 	0.426147 	293.574 	0 	0
0.705706 	247.42 	30271.9 	0.426156 	293.588 	0 	0
0.715716 	247.401 	30270.1 	0.426165 	293.601 	0 	0
0.725726 	247.381 	30268.4 	0.426175 	293.614 	0 	0
0.735736 	247.362 	30266.7 	0.426184 	293.628 	0 	0
0.745746 	247.342 	30264.9 	0.426193 	293.641 	0 	0
0.755756 	247.324 	30263.7 	0.426208 	293.651 	0 	0
0.765766 	247.305 	30262.9 	0.426228 	293.659 	0 	0
0.775776 	247.287 	30262.1 	0.426247 	293.667 	0 	0
0.785786 	247.269 	30261.2 	0.426266 	293.675 	0 	0
0.795796 	247.251 	30260.4 	0.426286 	293.682 	0 	0
0.805806 	247.233 	30259.6 	0.426305 	293.69 	0 	0
0.815816 	247.215 	30258.7 	0.426325 	293.698 	0 	0
0.825826 	247.197 	30257.9 	0.426344 	293.705 	0 	0
0.835836 	247.179 	30257.1 	0.426364 	293.713 	0 	0
0.845846 	247.161 	30256.2 	0.426383 	293.721 	0 	0
0.855856 	247.153 	30256.4 	0.426398 	293.719 	0 	0
0.865866 	247.152 	30257.2 	0.426411 	293.711 	0 	0
0.875876 	247.152 	30258.1 	0.426424 	293.703 	0 	0
0.885886 	247.152 	30259 	0.426437 	293.695 	0 	0
0.895896 	247.151 	30259.8 	0.426449 	293.686 	0 	0
0.905906 	247.151 	30260.7 	0.426462 	293.678 	0 	0
0.915916 	247.15 	30261.5 	0.426475 	293.67 	0 	0
0.925926 	247.15 	30262.4 	0.426487 	293.662 	0 	0
0.935936 	247.15 	30263.2 	0.4265 	293.654 	0 	0
0.945946 	247.149 	30264.1 	0.426513 	293.645 	0 	0
0.955956 	247.154 	30264.8 	0.426515 	293.638 	0 	0
0.965966 	247.163 	30265.5 	0.426509 	293.632 	0 	0
0.975976 	247.172 	30266.2 	0.426503 	293.626 	0 	0
0.985986 	247.181 	30266.9 	0.426497 	293.62 	0 	0
0.995996 	247.19 	30267.6 	0.426492 	293.614 	0 	0
1.00601 	247.199 	30268.3 	0.426486 	293.608 	0 	0
1.01602 	247.208 	30269 	0.42648 	293.602 	0 	0
1.02603 	247.217 	30269.7 	0.426475 	293.596 	0 	0
1.03604 	247.226 	30270.4 	0.426469 	293.59 	0 	0
1.04605 	247.235 	30271.1 	0.426463 	293.583 	0 	0
1.05606 	247.258 	30271.3 	0.426426 	293.581 	0 	0
1.06607 	247.29 	30271 	0.426369 	293.581 	0 	0
1.07608 	247.321 	30270.8 	0.426312 	293.581 	0 	0
1.08609 	247.353 	30270.6 	0.426254 	293.581 	0 	0
1.0961 	247.384 	30270.4 	0.426197 	293.581 	0 	0
1.10611 	247.416 	30270.2 	0.42614 	293.582 	0 	0
1.11612 	247.447 	30269.9 	0.426082 	293.582 	0 	0
1.12613 	247.479 	30269.7 	0.426025 	293.582 	0 	0
1.13614 	247.51 	30269.5 	0.425967 	293.582 	0 	0
1.14615 	247.542 	30269.3 	0.42591 	293.582 	0 	0
1.15616 	247.61 	30269.1 	0.425791 	293.582 	0 	0
1.16617 	247.7 	30268.9 	0.425632 	293.582 	0 	0
1.17618 	247.791 	30268.7 	0.425474 	293.582 	0 	0
1.18619 	247.882 	30268.4 	0.425316 	293.582 	0 	0
1.1962 	247.973 	30268.2 	0.425157 	293.582 	0 	0
1.20621 	248.063 	30268 	0.424999 	293.582 	0 	0
1.21622 	248.154 	30267.8 	0.42484 	293.582 	0 	0
1.22623 	248.245 	30267.6 	0.424682 	293.582 	0 	0
1.23624 	248.335 	30267.4 	0.424524 	293.582 	0 	0
1.24625 	248.426 	30267.2 	0.424365 	293.582 	0 	0
1.25626 	248.598 	30267.2 	0.424075 	293.58 	0 	0
1.26627 	248.818 	30267.5 	0.423706 	293.578 	0 	0
1.27628 	249.038 	30267.7 	0.423336 	293.576 	0 	0
1.28629 	249.258 	30267.9 	0.422967 	293.573 	0 	0
1.2963 	249.478 	30268.2 	0.422597 	293.571 	0 	0
1.30631 	249.698 	30268.4 	0.422228 	293.568 	0 	0
1.31632 	249.918 	30268.6 	0.421858 	293.566 	0 	0
1.32633 	250.138 	30268.9 	0.421489 	293.564 	0 	0
1.33634 	250.359 	30269.1 	0.421119 	293.561 	0 	0
1.34635 	250.579 	30269.3 	0.42075 	293.559 	0 	0
1.35636 	250.965 	30269.8 	0.420116 	293.556 	0 	0
1.36637 	251.448 	30270.5 	0.419331 	293.554 	0 	0
1.37638 	251.93 	30271.2 	0.418546 	293.551 	0 	0
1.38639 	252.413 	30271.9 	0.417761 	293.549 	0 	0
1.3964 	252.895 	30272.6 	0.416976 	293.546 	0 	0
1.40641 	253.378 	30273.2 	0.41619 	293.544 	0 	0
1.41642 	253.86 	30273.9 	0.415405 	293.541 	0 	0
1.42643 	254.343 	30274.6 	0.41462 	293.539 	0 	0
1.43644 	254.825 	30275.3 	0.413835 	293.536 	0 	0
1.44645 	255.308 	30276 	0.41305 	293.534 	0 	0
1.45646 	256.104 	30277.1 	0.41181 	293.534 	0 	0
1.46647 	257.073 	30278.4 	0.410319 	293.537 	0 	0
1.47648 	258.042 	30279.8 	0.408828 	293.539 	0 	0
1.48649 	259.011 	30281.1 	0.407338 	293.541 	0 	0
1.4965 	259.98 	30282.5 	0.405847 	293.543 	0 	0
1.50651 	260.949 	30283.8 	0.404357 	293.545 	0 	0
1.51652 	261.918 	30285.2 	0.402866 	293.548 	0 	0
1.52653 	262.887 	30286.5 	0.401375 	293.55 	0 	0
1.53654 	263.856 	30287.9 	0.399885 	293.552 	0 	0
1.54655 	264.825 	30289.2 	0.398394 	293.554 	0 	0
1.55656 	266.302 	30291.1 	0.396289 	293.562 	0 	0
1.56657 	268.047 	30293.3 	0.393859 	293.572 	0 	0
1.57658 	269.791 	30295.5 	0.39143 	293.582 	0 	0
1.58659 	271.536 	30297.7 	0.389001 	293.592 	0 	0
1.5966 	273.281 	30300 	0.386571 	293.602 	0 	0
1.60661 	275.026 	30302.2 	0.384142 	293.612 	0 	0
1.61662 	276.77 	30304.4 	0.381713 	293.622 	0 	0
1.62663 	278.515 	30306.6 	0.379283 	293.632 	0 	0
1.63664 	280.26 	30308.8 	0.376854 	293.643 	0 	0
1.64665 	282.005 	30311 	0.374425 	293.653 	0 	0
1.65666 	284.391 	30313 	0.371451 	293.664 	0 	0
1.66667 	287.102 	30314.9 	0.368202 	293.677 	0 	0
1.67668 	289.812 	30316.8 	0.364954 	293.689 	0 	0
1.68669 	292.523 	30318.7 	0.361705 	293.701 	0 	0
1.6967 	295.233 	30320.7 	0.358457 	293.714 	0 	0
1.70671 	297.943 	30322.6 	0.355208 	293.726 	0 	0
1.71672 	300.654 	30324.5 	0.351959 	293.739 	0 	0
1.72673 	303.364 	30326.4 	0.348711 	293.751 	0 	0
1.73674 	306.075 	30328.4 	0.345462 	293.764 	0 	0
1.74675 	308.785 	30330.3 	0.342214 	293.776 	0 	0
1.75676 	311.994 	30335.2 	0.338894 	293.822 	0 	0
1.76677 	315.443 	30341.7 	0.33554 	293.883 	0 	0
1.77678 	318.892 	30348.1 	0.332186 	293.945 	0 	0
1.78679 	322.341 	30354.6 	0.328831 	294.007 	0 	0
1.7968 	325.79 	30361 	0.325477 	294.069 	0 	0
1.80681 	329.239 	30367.4 	0.322123 	294.13 	0 	0
1.81682 	332.688 	30373.9 	0.318769 	294.192 	0 	0
1.82683 	336.137 	30380.3 	0.315415 	294.254 	0 	0
1.83684 	339.586 	30386.7 	0.312061 	294.316 	0 	0
1.84685 	343.035 	30393.2 	0.308707 	294.378 	0 	0
1.85686 	346.303 	30392 	0.305834 	294.367 	0 	0
1.86687 	349.489 	30387.3 	0.303184 	294.324 	0 	0
1.87688 	352.675 	30382.6 	0.300533 	294.281 	0 	0
1.88689 	355.861 	30377.9 	0.297883 	294.238 	0 	0
1.8969 	359.046 	30373.2 	0.295232 	294.195 	0 	0
1.90691 	362.232 	30368.5 	0.292582 	294.152 	0 	0
1.91692 	365.418 	30363.7 	0.289931 	294.109 	0 	0
1.92693 	368.604 	30359 	0.287281 	294.065 	0 	0
1.93694 	371.79 	30354.3 	0.28463 	294.022 	0 	0
1.94695 	374.975 	30349.6 	0.281979 	293.979 	0 	0
1.95696 	377.184 	30330.2 	0.280128 	293.793 	0 	0
1.96697 	378.964 	30304.2 	0.278627 	293.544 	0 	0
1.97698 	380.744 	30278.2 	0.277127 	293.294 	0 	0
1.98699 	382.524 	30252.3 	0.275626 	293.045 	0 	0
1.997 	384.304 	30226.3 	0.274125 	292.796 	0 	0
2.00701 	386.083 	30200.4 	0.272625 	292.547 	0 	0
2.01702 	387.863 	30174.4 	0.271124 	292.297 	0 	0
2.02703 	389.643 	30148.5 	0.269623 	292.048 	0 	0
2.03704 	391.423 	30122.5 	0.268122 	291.799 	0 	0
2.04705 	393.203 	30096.6 	0.266622 	291.55 	0 	0
2.05706 	394.151 	30097 	0.265968 	291.547 	0 	0
2.06707 	394.75 	30108.4 	0.265669 	291.649 	0 	0
2.07708 	395.35 	30119.9 	0.265369 	291.75 	0 	0
2.08709 	395.95 	30131.4 	0.26507 	291.851 	0 	0
2.0971 	396.549 	30142.8 	0.26477 	291.953 	0 	0
2.10711 	397.149 	30154.3 	0.264471 	292.054 	0 	0
2.11712 	397.748 	30165.7 	0.264172 	292.155 	0 	0
2.12713 	398.348 	30177.2 	0.263872 	292.257 	0 	0
2.13714 	398.948 	30188.7 	0.263573 	292.358 	0 	0
2.14715 	399.547 	30200.1 	0.263273 	292.459 	0 	0
2.15716 	399.799 	30208.7 	0.263181 	292.542 	0 	0
2.16717 	399.911 	30216.1 	0.263172 	292.618 	0 	0
2.17718 	400.024 	30223.5 	0.263162 	292.694 	0 	0
2.18719 	400.136 	30230.9 	0.263152 	292.77 	0 	0
2.1972 	400.249 	30238.3 	0.263143 	292.845 	0 	0
2.20721 	400.362 	30245.7 	0.263133 	292.921 	0 	0
2.21722 	400.474 	30253.1 	0.263123 	292.997 	0 	0
2.22723 	400.587 	30260.5 	0.263114 	293.073 	0 	0
2.23724 	400.699 	30268 	0.263104 	293.148 	0 	0
2.24725 	400.812 	30275.4 	0.263095 	293.224 	0 	0
2.25726 	400.861 	30283.4 	0.263132 	293.296 	0 	0
2.26727 	400.885 	30291.6 	0.263188 	293.366 	0 	0
2.27728 	400.91 	30299.9 	0.263244 	293.436 	0 	0
2.28729 	400.934 	30308.1 	0.263299 	293.507 	0 	0
2.2973 	400.958 	30316.4 	0.263355 	293.577 	0 	0
2.30731 	400.983 	30324.6 	0.263411 	293.647 	0 	0
2.31732 	401.007 	30332.9 	0.263466 	293.718 	0 	0
2.32733 	401.032 	30341.1 	0.263522 	293.788 	0 	0
2.33734 	401.056 	30349.4 	0.263578 	293.858 	0 	0
2.34735 	401.081 	30357.6 	0.263633 	293.928 	0 	0
2.35736 	401.08 	30363.8 	0.263687 	293.982 	0 	0
2.36737 	401.071 	30369.2 	0.26374 	294.031 	0 	0
2.37738 	401.062 	30374.6 	0.263793 	294.079 	0 	0
2.38739 	401.053 	30380.1 	0.263847 	294.127 	0 	0
2.3974 	401.044 	30385.5 	0.2639 	294.175 	0 	0
2.40741 	401.035 	30390.9 	0.263953 	294.223 	0 	0
2.41742 	401.026 	30396.3 	0.264006 	294.271 	0 	0
2.42743 	401.017 	30401.8 	0.264059 	294.319 	0 	0
2.43744 	401.007 	30407.2 	0.264112 	294.368 	0 	0
2.44745 	400.998 	30412.6 	0.264165 	294.416 	0 	0
2.45746 	400.96 	30413.1 	0.264195 	294.42 	0 	0
2.46747 	400.911 	30412 	0.264217 	294.41 	0 	0
2.47748 	400.862 	30410.8 	0.264239 	294.4 	0 	0
2.48749 	400.813 	30409.6 	0.264261 	294.389 	0 	0
2.4975 	400.764 	30408.4 	0.264283 	294.379 	0 	0
2.50751 	400.715 	30407.3 	0.264305 	294.369 	0 	0
2.51752 	400.667 	30406.1 	0.264327 	294.358 	0 	0
2.52753 	400.618 	30404.9 	0.264349 	294.348 	0 	0
2.53754 	400.569 	30403.8 	0.264371 	294.338 	0 	0
2.54755 	400.52 	30402.6 	0.264393 	294.328 	0 	0
2.55756 	400.451 	30398.6 	0.264403 	294.287 	0 	0
2.56757 	400.376 	30393.7 	0.26441 	294.236 	0 	0
2.57758 	400.3 	30388.8 	0.264418 	294.185 	0 	0
2.58759 	400.225 	30383.9 	0.264425 	294.135 	0 	0
2.5976 	400.15 	30379 	0.264432 	294.084 	0 	0
2.60761 	400.074 	30374.1 	0.264439 	294.034 	0 	0
2.61762 	399.999 	30369.2 	0.264446 	293.983 	0 	0
2.62763 	399.923 	30364.3 	0.264453 	293.932 	0 	0
2.63764 	399.848 	30359.4 	0.26446 	293.882 	0 	0
2.64765 	399.773 	30354.5 	0.264467 	293.831 	0 	0
2.65766 	399.687 	30346.3 	0.264453 	293.752 	0 	0
2.66767 	399.599 	30337.1 	0.264431 	293.664 	0 	0
2.67768 	399.51 	30327.9 	0.264409 	293.577 	0 	0
2.68769 	399.422 	30318.7 	0.264388 	293.489 	0 	0
2.6977 	399.333 	30309.5 	0.264366 	293.402 	0 	0
2.70771 	399.245 	30300.3 	0.264345 	293.314 	0 	0
2.71772 	399.156 	30291.1 	0.264323 	293.226 	0 	0
2.72773 	399.068 	30281.9 	0.264302 	293.139 	0 	0
2.73774 	398.979 	30272.7 	0.26428 	293.051 	0 	0
2.74775 	398.891 	30263.5 	0.264259 	292.964 	0 	0
2.75776 	398.821 	30257.1 	0.26425 	292.902 	0 	0
2.76777 	398.756 	30251.6 	0.264245 	292.849 	0 	0
2.77778 	398.691 	30246.2 	0.26424 	292.795 	0 	0
2.78779 	398.626 	30240.7 	0.264235 	292.741 	0 	0
2.7978 	398.561 	30235.2 	0.26423 	292.687 	0 	0
2.80781 	398.496 	30229.7 	0.264225 	292.634 	0 	0
2.81782 	398.432 	30224.2 	0.264219 	292.58 	0 	0
2.82783 	398.367 	30218.7 	0.264214 	292.526 	0 	0
2.83784 	398.302 	30213.2 	0.264209 	292.472 	0 	0
2.84785 	398.237 	30207.7 	0.264204 	292.419 	0 	0
2.85786 	398.188 	30204.8 	0.264212 	292.39 	0 	0
2.86787 	398.143 	30202.7 	0.264223 	292.369 	0 	0
2.87788 	398.098 	30200.6 	0.264235 	292.347 	0 	0
2.88789 	398.053 	30198.5 	0.264246 	292.326 	0 	0
2.8979 	398.008 	30196.4 	0.264258 	292.304 	0 	0
2.90791 	397.963 	30194.3 	0.264269 	292.282 	0 	0
2.91792 	397.918 	30192.2 	0.26428 	292.261 	0 	0
2.92793 	397.873 	30190.1 	0.264292 	292.239 	0 	0
2.93794 	397.828 	30188 	0.264303 	292.218 	0 	0
2.94795 	397.783 	30185.9 	0.264315 	292.196 	0 	0
2.95796 	397.737 	30182.7 	0.264317 	292.162 	0 	0
2.96797 	397.69 	30179.2 	0.264317 	292.124 	0 	0
2.97798 	397.644 	30175.7 	0.264318 	292.087 	0 	0
2.98799 	397.597 	30172.2 	0.264318 	292.049 	0 	0
2.998 	397.551 	30168.7 	0.264318 	292.011 	0 	0
3.00801 	397.504 	30165.1 	0.264318 	291.973 	0 	0
3.01802 	397.458 	30161.6 	0.264318 	291.936 	0 	0
3.02803 	397.411 	30158.1 	0.264319 	291.898 	0 	0
3.03804 	397.365 	30154.6 	0.264319 	291.86 	0 	0
3.04805 	397.318 	30151.1 	0.264319 	291.822 	0 	0
3.05806 	397.202 	30128.6 	0.264198 	291.609 	0 	0
3.06807 	397.07 	30101.5 	0.264049 	291.353 	0 	0
3.07808 	396.938 	30074.4 	0.263899 	291.096 	0 	0
3.08809 	396.805 	30047.3 	0.263749 	290.84 	0 	0
3.0981 	396.673 	30020.2 	0.263599 	290.584 	0 	0
3.10811 	396.541 	29993.2 	0.263449 	290.328 	0 	0
3.11812 	396.408 	29966.1 	0.263299 	290.072 	0 	0
3.12813 	396.276 	29939 	0.263149 	289.816 	0 	0
3.13814 	396.144 	29911.9 	0.263 	289.56 	0 	0
3.14815 	396.011 	29884.8 	0.26285 	289.303 	0 	0
3.15816 	395.318 	29710.5 	0.261755 	287.637 	0 	0
3.16817 	394.496 	29502.8 	0.260446 	285.65 	0 	0
3.17818 	393.675 	29295.1 	0.259137 	283.664 	0 	0
3.18819 	392.854 	29087.4 	0.257827 	281.677 	0 	0
3.1982 	392.033 	28879.7 	0.256518 	279.691 	0 	0
3.20821 	391.212 	28672 	0.255209 	277.704 	0 	0
3.21822 	390.39 	28464.3 	0.2539 	275.717 	0 	0
3.22823 	389.569 	28256.6 	0.252591 	273.731 	0 	0
3.23824 	388.748 	28048.9 	0.251281 	271.744 	0 	0
3.24825 	387.927 	27841.1 	0.249972 	269.758 	0 	0
3.25826 	384.648 	27120.9 	0.245172 	261.46 	0 	0
3.26827 	380.849 	26291.9 	0.23963 	251.823 	0 	0
3.27828 	377.049 	25462.9 	0.234089 	242.187 	0 	0
3.28829 	373.249 	24634 	0.228548 	232.55 	0 	0
3.2983 	369.449 	23805 	0.223007 	222.914 	0 	0
3.30831 	365.65 	22976 	0.217466 	213.277 	0 	0
3.31832 	361.85 	22147 	0.211925 	203.641 	0 	0
3.32833 	358.05 	21318 	0.206384 	194.004 	0 	0
3.33834 	354.251 	20489.1 	0.200842 	184.368 	0 	0
3.34835 	350.451 	19660.1 	0.195301 	174.731 	0 	0
3.35836 	344.854 	18826.8 	0.18936 	160.964 	0 	0
3.36837 	338.902 	17992.8 	0.183339 	146.382 	0 	0
3.37838 	332.949 	17158.7 	0.177319 	131.799 	0 	0
3.38839 	326.997 	16324.6 	0.171298 	117.216 	0 	0
3.3984 	321.045 	15490.5 	0.165278 	102.633 	0 	0
3.40841 	315.093 	14656.4 	0.159257 	88.0505 	0 	0
3.41842 	309.14 	13822.3 	0.153237 	73.4677 	0 	0
3.42843 	303.188 	12988.3 	0.147216 	58.885 	0 	0
3.43844 	297.236 	12154.2 	0.141196 	44.3022 	0 	0
3.44845 	291.284 	11320.1 	0.135175 	29.7194 	0 	0
3.45846 	289.389 	11091.2 	0.133466 	25.1635 	0 	0
3.46847 	288.239 	10973.4 	0.132547 	22.4468 	0 	0
3.47848 	287.089 	10855.5 	0.131629 	19.7301 	0 	0
3.48849 	285.939 	10737.6 	0.13071 	17.0134 	0 	0
3.4985 	284.789 	10619.8 	0.129792 	14.2967 	0 	0
3.50851 	283.64 	10501.9 	0.128873 	11.5801 	0 	0
3.51852 	282.49 	10384.1 	0.127955 	8.86337 	0 	0
3.52853 	281.34 	10266.2 	0.127036 	6.14669 	0 	0
3.53854 	280.19 	10148.3 	0.126118 	3.43 	0 	0
3.54855 	279.04 	10030.5 	0.125199 	0.71331 	0 	0
3.55856 	278.862 	10012.3 	0.125057 	0.292069 	0 	0
3.56857 	278.849 	10010.9 	0.125046 	0.260115 	0 	0
3.57858 	278.837 	10009.6 	0.125035 	0.228161 	0 	0
3.58859 	278.824 	10008.2 	0.125024 	0.196207 	0 	0
3.5986 	278.811 	10006.9 	0.125013 	0.164253 	0 	0
3.60861 	278.799 	10005.5 	0.125002 	0.132299 	0 	0
3.61862 	278.786 	10004.2 	0.124991 	0.100345 	0 	0
3.62863 	278.773 	10002.9 	0.12498 	0.0683909 	0 	0
3.63864 	278.76 	10001.5 	0.124968 	0.0364368 	0 	0
3.64865 	278.748 	10000.2 	0.124957 	0.00448274 	0 	0
3.65866 	278.746 	10000 	0.124956 	0.000154316 	0 	0
3.66867 	278.746 	10000 	0.124956 	0.000137405 	0 	0
3.67868 	278.746 	10000 	0.124956 	0.000120494 	0 	0
3.68869 	278.746 	10000 	0.124956 	0.000103583 	0 	0
3.6987 	278.746 	10000 	0.124956 	8.66723e-05 	0 	0
3.70871 	278.746 	10000 	0.124955 	6.97613e-05 	0 	0
3.71872 	278.746 	10000 	0.124955 	5.28504e-05 	0 	0
3.72873 	278.746 	10000 	0.124955 	3.59394e-05 	0 	0
3.73874 	278.746 	10000 	0.124955 	1.90285e-05 	0 	0
3.74875 	278.746 	10000 	0.124955 	2.11753e-06 	0 	0
3.75876 	278.746 	10000 	0.124955 	3.34573e-09 	0 	0
3.76877 	278.746 	10000 	0.124955 	2.97864e-09 	0 	0
3.77878 	278.746 	10000 	0.124955 	2.61155e-09 	0 	0
3.78879 	278.746 	10000 	0.124955 	2.24446e-09 	0 	0
3.7988 	278.746 	10000 	0.124955 	1.87737e-09 	0 	0
3.80881 	278.746 	10000 	0.124955 	1.51028e-09 	0 	0
3.81882 	278.746 	10000 	0.124955 	1.14319e-09 	0 	0
3.82883 	278.746 	10000 	0.124955 	7.76098e-10 	0 	0
3.83884 	278.746 	10000 	0.124955 	4.09008e-10 	0 	0
3.84885 	278.746 	10000 	0.124955 	4.1918e-11 	0 	0
3.85886 	278.746 	10000 	0.124955 	-2.74305e-13 	0 	0
3.86887 	278.746 	10000 	0.124955 	-2.48326e-13 	0 	0
3.87888 	278.746 	10000 	0.124955 	-2.22347e-13 	0 	0
3.88889 	278.746 	10000 	0.124955 	-1.96368e-13 	0 	0
3.8989 	278.746 	10000 	0.124955 	-1.70389e-13 	0 	0
3.90891 	278.746 	10000 	0.124955 	-1.44409e-13 	0 	0
3.91892 	278.746 	10000 	0.124955 	-1.1843e-13 	0 	0
3.92893 	278.746 	10000 	0.124955 	-9.24511e-14 	0 	0
3.93894 	278.746 	10000 	0.124955 	-6.64719e-14 	0 	0
3.94895 	278.746 	10000 	0.124955 	-4.04927e-14 	0 	0
3.95896 	278.746 	10000 	0.124955 	6.69724e-15 	0 	0
3.96897 	278.746 	10000 	0.124955 	5.63756e-14 	0 	0
3.97898 	278.746 	10000 	0.124955 	1.06054e-13 	0 	0
3.98899 	278.746 	10000 	0.124955 	1.55732e-13 	0 	0
3.999 	278.746 	10000 	0.124955 	2.05411e-13 	0 	0
4.00901 	278.746 	10000 	0.124955 	2.55089e-13 	0 	0
4.01902 	278.746 	10000 	0.124955 	3.04767e-13 	0 	0
4.02903 	278.746 	10000 	0.124955 	3.54446e-13 	0 	0
4.03904 	278.746 	10000 	0.124955 	4.04124e-13 	0 	0
4.04905 	278.746 	10000 	0.124955 	4.53803e-13 	0 	0
4.05906 	278.746 	10000 	0.124955 	4.61796e-13 	0 	0
4.06907 	278.746 	10000 	0.124955 	4.65413e-13 	0 	0
4.07908 	278.746 	10000 	0.124955 	4.69031e-13 	0 	0
4.08909 	278.746 	10000 	0.124955 	4.72648e-13 	0 	0
4.0991 	278.746 	10000 	0.124955 	4.76265e-13 	0 	0
4.10911 	278.746 	10000 	0.124955 	4.79883e-13 	0 	0
4.11912 	278.746 	10000 	0.124955 	4.835e-13 	0 	0
4.12913 	278.746 	10000 	0.124955 	4.87118e-13 	0 	0
4.13914 	278.746 	10000 	0.124955 	4.90735e-13 	0 	0
4.14915 	278.746 	10000 	0.124955 	4.94353e-13 	0 	0
4.15916 	278.746 	10000 	0.124955 	4.87519e-13 	0 	0
4.16917 	278.746 	10000 	0.124955 	4.79715e-13 	0 	0
4.17918 	278.746 	10000 	0.124955 	4.7191e-13 	0 	0
4.18919 	278.746 	10000 	0.124955 	4.64106e-13 	0 	0
4.1992 	278.746 	10000 	0.124955 	4.56302e-13 	0 	0
4.20921 	278.746 	10000 	0.124955 	4.48498e-13 	0 	0
4.21922 	278.746 	10000 	0.124955 	4.40693e-13 	0 	0
4.22923 	278.746 	10000 	0.124955 	4.32889e-13 	0 	0
4.23924 	278.746 	10000 	0.124955 	4.25085e-13 	0 	0
4.24925 	278.746 	10000 	0.124955 	4.1728e-13 	0 	0
4.25926 	278.746 	10000 	0.124955 	3.72577e-13 	0 	0
4.26927 	278.746 	10000 	0.124955 	3.24883e-13 	0 	0
4.27928 	278.746 	10000 	0.124955 	2.77188e-13 	0 	0
4.28929 	278.746 	10000 	0.124955 	2.29494e-13 	0 	0
4.2993 	278.746 	10000 	0.124955 	1.81799e-13 	0 	0
4.30931 	278.746 	10000 	0.124955 	1.34104e-13 	0 	0
4.31932 	278.746 	10000 	0.124955 	8.64098e-14 	0 	0
4.32933 	278.746 	10000 	0.124955 	3.87152e-14 	0 	0
4.33934 	278.746 	10000 	0.124955 	-8.97944e-15 	0 	0
4.34935 	278.746 	10000 	0.124955 	-5.66741e-14 	0 	0
4.35936 	278.746 	10000 	0.124955 	-8.6973e-14 	0 	0
4.36937 	278.746 	10000 	0.124955 	-1.16063e-13 	0 	0
4.37938 	278.746 	10000 	0.124955 	-1.45152e-13 	0 	0
4.38939 	278.746 	10000 	0.124955 	-1.74242e-13 	0 	0
4.3994 	278.746 	10000 	0.124955 	-2.03332e-13 	0 	0
4.40941 	278.746 	10000 	0.124955 	-2.32421e-13 	0 	0
4.41942 	278.746 	10000 	0.124955 	-2.61511e-13 	0 	0
4.42943 	278.746 	10000 	0.124955 	-2.90601e-13 	0 	0
4.43944 	278.746 	10000 	0.124955 	-3.1969e-13 	0 	0
4.44945 	278.746 	10000 	0.124955 	-3.4878e-13 	0 	0
4.45946 	278.746 	10000 	0.124955 	-3.28045e-13 	0 	0
4.46947 	278.746 	10000 	0.124955 	-3.0441e-13 	0 	0
4.47948 	278.746 	10000 	0.124955 	-2.80775e-13 	0 	0
4.48949 	278.746 	10000 	0.124955 	-2.5714e-13 	0 	0
4.4995 	278.746 	10000 	0.124955 	-2.33505e-13 	0 	0
4.50951 	278.746 	10000 	0.124955 	-2.0987e-13 	0 	0
4.51952 	278.746 	10000 	0.124955 	-1.86235e-13 	0 	0
4.52953 	278.746 	10000 	0.124955 	-1.626e-13 	0 	0
4.53954 	278.746 	10000 	0.124955 	-1.38966e-13 	0 	0
4.54955 	278.746 	10000 	0.124955 	-1.15331e-13 	0 	0
4.55956 	278.746 	10000 	0.124955 	-8.97165e-14 	0 	0
4.56957 	278.746 	10000 	0.124955 	-6.40092e-14 	0 	0
4.57958 	278.746 	10000 	0.124955 	-3.83019e-14 	0 	0
4.58959 	278.746 	10000 	0.124955 	-1.25946e-14 	0 	0
4.5996 	278.746 	10000 	0.124955 	1.31127e-14 	0 	0
4.60961 	278.746 	10000 	0.124955 	3.882e-14 	0 	0
4.61962 	278.746 	10000 	0.124955 	6.45273e-14 	0 	0
4.62963 	278.746 	10000 	0.124955 	9.02346e-14 	0 	0
4.63964 	278.746 	10000 	0.124955 	1.15942e-13 	0 	0
4.64965 	278.746 	10000 	0.124955 	1.41649e-13 	0 	0
4.65966 	278.746 	10000 	0.124955 	1.59324e-13 	0 	0
4.66967 	278.746 	10000 	0.124955 	1.76707e-13 	0 	0
4.67968 	278.746 	10000 	0.124955 	1.9409e-13 	0 	0
4.68969 	278.746 	10000 	0.124955 	2.11474e-13 	0 	0
4.6997 	278.746 	10000 	0.124955 	2.28857e-13 	0 	0
4.70971 	278.746 	10000 	0.124955 	2.4624e-13 	0 	0
4.71972 	278.746 	10000 	0.124955 	2.63624e-13 	0 	0
4.72973 	278.746 	10000 	0.124955 	2.81007e-13 	0 	0
4.73974 	278.746 	10000 	0.124955 	2.9839e-13 	0 	0
4.74975 	278.746 	10000 	0.124955 	3.15773e-13 	0 	0
4.75976 	278.746 	10000 	0.124955 	2.77565e-13 	0 	0
4.76977 	278.746 	10000 	0.124955 	2.37932e-13 	0 	0
4.77978 	278.746 	10000 	0.124955 	1.98298e-13 	0 	0
4.78979 	278.746 	10000 	0.124955 	1.58664e-13 	0 	0
4.7998 	278.746 	10000 	0.124955 	1.19031e-13 	0 	0
4.80981 	278.746 	10000 	0.124955 	7.93972e-14 	0 	0
4.81982 	278.746 	10000 	0.124955 	3.97635e-14 	0 	0
4.82983 	278.746 	10000 	0.124955 	1.29931e-16 	0 	0
4.83984 	278.746 	10000 	0.124955 	-3.95037e-14 	0 	0
4.84985 	278.746 	10000 	0.124955 	-7.91373e-14 	0 	0
4.85986 	278.746 	10000 	0.124955 	-1.134e-13 	0 	0
4.86987 	278.746 	10000 	0.124955 	-1.47581e-13 	0 	0
4.87988 	278.746 	10000 	0.124955 	-1.81763e-13 	0 	0
4.88989 	278.746 	10000 	0.124955 	-2.15944e-13 	0 	0
4.8999 	278.746 	10000 	0.124955 	-2.50125e-13 	0 	0
4.90991 	278.746 	10000 	0.124955 	-2.84306e-13 	0 	0
4.91992 	278.746 	10000 	0.124955 	-3.18487e-13 	0 	0
4.92993 	278.746 	10000 	0.124955 	-3.52669e-13 	0 	0
4.93994 	278.746 	10000 	0.124955 	-3.8685e-13 	0 	0
4.94995 	278.746 	10000 	0.124955 	-4.21031e-13 	0 	0
4.95996 	278.746 	10000 	0.124955 	-4.21202e-13 	0 	0
4.96997 	278.746 	10000 	0.124955 	-4.21202e-13 	0 	0
4.97998 	278.746 	10000 	0.124955 	-4.21202e-13 	0 	0
4.98999 	278.746 	10000 	0.124955 	-4.21202e-13 	0 	0
5 	278.746 	10000 	0.124955 	-4.21202e-13 	0 	0
