-5 	348.432 	100000 	0.999645 	-6.50139e-14 	0 	0
-4.98999 	348.432 	100000 	0.999645 	-6.50139e-14 	0 	0
-4.97998 	348.432 	100000 	0.999645 	-6.50139e-14 	0 	0
-4.96997 	348.432 	100000 	0.999645 	-6.50139e-14 	0 	0
-4.95996 	348.432 	100000 	0.999645 	-6.50139e-14 	0 	0
-4.94995 	348.432 	100000 	0.999645 	-6.50235e-14 	0 	0
-4.93994 	348.432 	100000 	0.999645 	-6.69488e-14 	0 	0
-4.92993 	348.432 	100000 	0.999645 	-6.88741e-14 	0 	0
-4.91992 	348.432 	100000 	0.999645 	-7.07993e-14 	0 	0
-4.90991 	348.432 	100000 	0.999645 	-7.27246e-14 	0 	0
-4.8999 	348.432 	100000 	0.999645 	-7.46499e-14 	0 	0
-4.88989 	348.432 	100000 	0.999645 	-7.65751e-14 	0 	0
-4.87988 	348.432 	100000 	0.999645 	-7.85004e-14 	0 	0
-4.86987 	348.432 	100000 	0.999645 	-8.04256e-14 	0 	0
-4.85986 	348.432 	100000 	0.999645 	-8.23509e-14 	0 	0
-4.84985 	348.432 	100000 	0.999645 	-8.39531e-14 	0 	0
-4.83984 	348.432 	100000 	0.999645 	-6.43373e-14 	0 	0
-4.82983 	348.432 	100000 	0.999645 	-4.47216e-14 	0 	0
-4.81982 	348.432 	100000 	0.999645 	-2.51058e-14 	0 	0
-4.80981 	348.432 	100000 	0.999645 	-5.49008e-15 	0 	0
-4.7998 	348.432 	100000 	0.999645 	1.41257e-14 	0 	0
-4.78979 	348.432 	100000 	0.999645 	3.37414e-14 	0 	0
-4.77978 	348.432 	100000 	0.999645 	5.33572e-14 	0 	0
-4.76977 	348.432 	100000 	0.999645 	7.29729e-14 	0 	0
-4.75976 	348.432 	100000 	0.999645 	9.25886e-14 	0 	0
-4.74975 	348.432 	100000 	0.999645 	1.11696e-13 	0 	0
-4.73974 	348.432 	100000 	0.999645 	1.10989e-13 	0 	0
-4.72973 	348.432 	100000 	0.999645 	1.10282e-13 	0 	0
-4.71972 	348.432 	100000 	0.999645 	1.09574e-13 	0 	0
-4.70971 	348.432 	100000 	0.999645 	1.08867e-13 	0 	0
-4.6997 	348.432 	100000 	0.999645 	1.08159e-13 	0 	0
-4.68969 	348.432 	100000 	0.999645 	1.07452e-13 	0 	0
-4.67968 	348.432 	100000 	0.999645 	1.06744e-13 	0 	0
-4.66967 	348.432 	100000 	0.999645 	1.06037e-13 	0 	0
-4.65966 	348.432 	100000 	0.999645 	1.0533e-13 	0 	0
-4.64965 	348.432 	100000 	0.999645 	1.03978e-13 	0 	0
-4.63964 	348.432 	100000 	0.999645 	8.48603e-14 	0 	0
-4.62963 	348.432 	100000 	0.999645 	6.57427e-14 	0 	0
-4.61962 	348.432 	100000 	0.999645 	4.66251e-14 	0 	0
-4.60961 	348.432 	100000 	0.999645 	2.75075e-14 	0 	0
-4.5996 	348.432 	100000 	0.999645 	8.38995e-15 	0 	0
-4.58959 	348.432 	100000 	0.999645 	-1.07276e-14 	0 	0
-4.57958 	348.432 	100000 	0.999645 	-2.98452e-14 	0 	0
-4.56957 	348.432 	100000 	0.999645 	-4.89628e-14 	0 	0
-4.55956 	348.432 	100000 	0.999645 	-6.80804e-14 	0 	0
-4.54955 	348.432 	100000 	0.999645 	-8.63825e-14 	0 	0
-4.53954 	348.432 	100000 	0.999645 	-8.73771e-14 	0 	0
-4.52953 	348.432 	100000 	0.999645 	-8.83717e-14 	0 	0
-4.51952 	348.432 	100000 	0.999645 	-8.93664e-14 	0 	0
-4.50951 	348.432 	100000 	0.999645 	-9.0361e-14 	0 	0
-4.4995 	348.432 	100000 	0.999645 	-9.13557e-14 	0 	0
-4.48949 	348.432 	100000 	0.999645 	-9.23503e-14 	0 	0
-4.47948 	348.432 	100000 	0.999645 	-9.3345e-14 	0 	0
-4.46947 	348.432 	100000 	0.999645 	-9.43396e-14 	0 	0
-4.45946 	348.432 	100000 	0.999645 	-9.53343e-14 	0 	0
-4.44945 	348.432 	100000 	0.999645 	-9.60483e-14 	0 	0
-4.43944 	348.432 	100000 	0.999645 	-9.19412e-14 	0 	0
-4.42943 	348.432 	100000 	0.999645 	-8.78341e-14 	0 	0
-4.41942 	348.432 	100000 	0.999645 	-8.3727e-14 	0 	0
-4.40941 	348.432 	100000 	0.999645 	-7.962e-14 	0 	0
-4.3994 	348.432 	100000 	0.999645 	-7.55129e-14 	0 	0
-4.38939 	348.432 	100000 	0.999645 	-7.14058e-14 	0 	0
-4.37938 	348.432 	100000 	0.999645 	-6.72987e-14 	0 	0
-4.36937 	348.432 	100000 	0.999645 	-6.31916e-14 	0 	0
-4.35936 	348.432 	100000 	0.999645 	-5.90845e-14 	0 	0
-4.34935 	348.432 	100000 	0.999645 	-5.41649e-14 	0 	0
-4.33934 	348.432 	100000 	0.999645 	-3.75567e-14 	0 	0
-4.32933 	348.432 	100000 	0.999645 	-2.09486e-14 	0 	0
-4.31932 	348.432 	100000 	0.999645 	-4.34043e-15 	0 	0
-4.30931 	348.432 	100000 	0.999645 	1.22677e-14 	0 	0
-4.2993 	348.432 	100000 	0.999645 	2.88759e-14 	0 	0
-4.28929 	348.432 	100000 	0.999645 	4.5484e-14 	0 	0
-4.27928 	348.432 	100000 	0.999645 	6.20922e-14 	0 	0
-4.26927 	348.432 	100000 	0.999645 	7.87003e-14 	0 	0
-4.25926 	348.432 	100000 	0.999645 	9.53085e-14 	0 	0
-4.24925 	348.432 	100000 	0.999645 	1.10012e-13 	0 	0
-4.23924 	348.432 	100000 	0.999645 	1.01223e-13 	0 	0
-4.22923 	348.432 	100000 	0.999645 	9.24336e-14 	0 	0
-4.21922 	348.432 	100000 	0.999645 	8.36445e-14 	0 	0
-4.20921 	348.432 	100000 	0.999645 	7.48554e-14 	0 	0
-4.1992 	348.432 	100000 	0.999645 	6.60663e-14 	0 	0
-4.18919 	348.432 	100000 	0.999645 	5.72772e-14 	0 	0
-4.17918 	348.432 	100000 	0.999645 	4.84881e-14 	0 	0
-4.16917 	348.432 	100000 	0.999645 	3.96989e-14 	0 	0
-4.15916 	348.432 	100000 	0.999645 	3.09098e-14 	0 	0
-4.14915 	348.432 	100000 	0.999645 	2.09124e-14 	0 	0
-4.13914 	348.432 	100000 	0.999645 	-2.09217e-15 	0 	0
-4.12913 	348.432 	100000 	0.999645 	-2.50968e-14 	0 	0
-4.11912 	348.432 	100000 	0.999645 	-4.81013e-14 	0 	0
-4.10911 	348.432 	100000 	0.999645 	-7.11059e-14 	0 	0
-4.0991 	348.432 	100000 	0.999645 	-9.41105e-14 	0 	0
-4.08909 	348.432 	100000 	0.999645 	-1.17115e-13 	0 	0
-4.07908 	348.432 	100000 	0.999645 	-1.4012e-13 	0 	0
-4.06907 	348.432 	100000 	0.999645 	-1.63124e-13 	0 	0
-4.05906 	348.432 	100000 	0.999645 	-1.86129e-13 	0 	0
-4.04905 	348.432 	100000 	0.999645 	-2.07401e-13 	0 	0
-4.03904 	348.432 	100000 	0.999645 	-2.12169e-13 	0 	0
-4.02903 	348.432 	100000 	0.999645 	-2.16937e-13 	0 	0
-4.01902 	348.432 	100000 	0.999645 	-2.21705e-13 	0 	0
-4.00901 	348.432 	100000 	0.999645 	-2.26473e-13 	0 	0
-3.999 	348.432 	100000 	0.999645 	-2.31241e-13 	0 	0
-3.98899 	348.432 	100000 	0.999645 	-2.36009e-13 	0 	0
-3.97898 	348.432 	100000 	0.999645 	-2.40777e-13 	0 	0
-3.96897 	348.432 	100000 	0.999645 	-2.45545e-13 	0 	0
-3.95896 	348.432 	100000 	0.999645 	-2.50313e-13 	0 	0
-3.94895 	348.432 	100000 	0.999645 	-2.53406e-13 	0 	0
-3.93894 	348.432 	100000 	0.999645 	-2.42224e-13 	0 	0
-3.92893 	348.432 	100000 	0.999645 	-2.31041e-13 	0 	0
-3.91892 	348.432 	100000 	0.999645 	-2.19859e-13 	0 	0
-3.90891 	348.432 	100000 	0.999645 	-2.08677e-13 	0 	0
-3.8989 	348.432 	100000 	0.999645 	-1.97494e-13 	0 	0
-3.88889 	348.432 	100000 	0.999645 	-1.86312e-13 	0 	0
-3.87888 	348.432 	100000 	0.999645 	-1.7513e-13 	0 	0
-3.86887 	348.432 	100000 	0.999645 	-1.63948e-13 	0 	0
-3.85886 	348.432 	100000 	0.999645 	-1.52765e-13 	0 	0
-3.84885 	348.432 	100000 	0.999645 	-1.414e-13 	0 	0
-3.83884 	348.432 	100000 	0.999645 	-1.28626e-13 	0 	0
-3.82883 	348.432 	100000 	0.999645 	-1.15853e-13 	0 	0
-3.81882 	348.432 	100000 	0.999645 	-1.03079e-13 	0 	0
-3.80881 	348.432 	100000 	0.999645 	-9.03056e-14 	0 	0
-3.7988 	348.432 	100000 	0.999645 	-7.7532e-14 	0 	0
-3.78879 	348.432 	100000 	0.999645 	-6.47584e-14 	0 	0
-3.77878 	348.432 	100000 	0.999645 	-5.19848e-14 	0 	0
-3.76877 	348.432 	100000 	0.999645 	-3.92112e-14 	0 	0
-3.75876 	348.432 	100000 	0.999645 	-2.64376e-14 	0 	0
-3.74875 	348.432 	100000 	0.999645 	-1.4973e-14 	0 	0
-3.73874 	348.432 	100000 	0.999645 	-1.26713e-14 	0 	0
-3.72873 	348.432 	100000 	0.999645 	-1.03697e-14 	0 	0
-3.71872 	348.432 	100000 	0.999645 	-8.068e-15 	0 	0
-3.70871 	348.432 	100000 	0.999645 	-5.76634e-15 	0 	0
-3.6987 	348.432 	100000 	0.999645 	-3.46467e-15 	0 	0
-3.68869 	348.432 	100000 	0.999645 	-1.16301e-15 	0 	0
-3.67868 	348.432 	100000 	0.999645 	1.13865e-15 	0 	0
-3.66867 	348.432 	100000 	0.999645 	3.44032e-15 	0 	0
-3.65866 	348.432 	100000 	0.999645 	5.74198e-15 	0 	0
-3.64865 	348.432 	100000 	0.999645 	7.71133e-15 	0 	0
-3.63864 	348.432 	100000 	0.999645 	7.55144e-15 	0 	0
-3.62863 	348.432 	100000 	0.999645 	7.39155e-15 	0 	0
-3.61862 	348.432 	100000 	0.999645 	7.23166e-15 	0 	0
-3.60861 	348.432 	100000 	0.999645 	7.07176e-15 	0 	0
-3.5986 	348.432 	100000 	0.999645 	6.91187e-15 	0 	0
-3.58859 	348.432 	100000 	0.999645 	6.75198e-15 	0 	0
-3.57858 	348.432 	100000 	0.999645 	6.59208e-15 	0 	0
-3.56857 	348.432 	100000 	0.999645 	6.43219e-15 	0 	0
-3.55856 	348.432 	100000 	0.999645 	6.2723e-15 	0 	0
-3.54855 	348.432 	100000 	0.999645 	5.61862e-15 	0 	0
-3.53854 	348.432 	100000 	0.999645 	2.05332e-15 	0 	0
-3.52853 	348.432 	100000 	0.999645 	-1.51199e-15 	0 	0
-3.51852 	348.432 	100000 	0.999645 	-5.07729e-15 	0 	0
-3.50851 	348.432 	100000 	0.999645 	-8.6426e-15 	0 	0
-3.4985 	348.432 	100000 	0.999645 	-1.22079e-14 	0 	0
-3.48849 	348.432 	100000 	0.999645 	-1.57732e-14 	0 	0
-3.47848 	348.432 	100000 	0.999645 	-1.93385e-14 	0 	0
-3.46847 	348.432 	100000 	0.999645 	-2.29038e-14 	0 	0
-3.45846 	348.432 	100000 	0.999645 	-2.64691e-14 	0 	0
-3.44845 	348.432 	100000 	0.999645 	-2.88548e-14 	0 	0
-3.43844 	348.432 	100000 	0.999645 	-2.48094e-14 	0 	0
-3.42843 	348.432 	100000 	0.999645 	-2.0764e-14 	0 	0
-3.41842 	348.432 	100000 	0.999645 	-1.67185e-14 	0 	0
-3.40841 	348.432 	100000 	0.999645 	-1.26731e-14 	0 	0
-3.3984 	348.432 	100000 	0.999645 	-8.62774e-15 	0 	0
-3.38839 	348.432 	100000 	0.999645 	-4.58233e-15 	0 	0
-3.37838 	348.432 	100000 	0.999645 	-5.36924e-16 	0 	0
-3.36837 	348.432 	100000 	0.999645 	3.50848e-15 	0 	0
-3.35836 	348.432 	100000 	0.999645 	7.55389e-15 	0 	0
-3.34835 	348.432 	100000 	0.999645 	1.06428e-14 	0 	0
-3.33834 	348.432 	100000 	0.999645 	8.89103e-15 	0 	0
-3.32833 	348.432 	100000 	0.999645 	7.13929e-15 	0 	0
-3.31832 	348.432 	100000 	0.999645 	5.38756e-15 	0 	0
-3.30831 	348.432 	100000 	0.999645 	3.63582e-15 	0 	0
-3.2983 	348.432 	100000 	0.999645 	1.88409e-15 	0 	0
-3.28829 	348.432 	100000 	0.999645 	1.32355e-16 	0 	0
-3.27828 	348.432 	100000 	0.999645 	-1.61938e-15 	0 	0
-3.26827 	348.432 	100000 	0.999645 	-3.37111e-15 	0 	0
-3.25826 	348.432 	100000 	0.999645 	-5.12285e-15 	0 	0
-3.24825 	348.432 	100000 	0.999645 	-6.15248e-15 	0 	0
-3.23824 	348.432 	100000 	0.999645 	-3.7779e-15 	0 	0
-3.22823 	348.432 	100000 	0.999645 	-1.40332e-15 	0 	0
-3.21822 	348.432 	100000 	0.999645 	9.71254e-16 	0 	0
-3.20821 	348.432 	100000 	0.999645 	3.34583e-15 	0 	0
-3.1982 	348.432 	100000 	0.999645 	5.72041e-15 	0 	0
-3.18819 	348.432 	100000 	0.999645 	8.09499e-15 	0 	0
-3.17818 	348.432 	100000 	0.999645 	1.04696e-14 	0 	0
-3.16817 	348.432 	100000 	0.999645 	1.28441e-14 	0 	0
-3.15816 	348.432 	100000 	0.999645 	1.52187e-14 	0 	0
-3.14815 	348.432 	100000 	0.999645 	1.64591e-14 	0 	0
-3.13814 	348.432 	100000 	0.999645 	1.27029e-14 	0 	0
-3.12813 	348.432 	100000 	0.999645 	8.94662e-15 	0 	0
-3.11812 	348.432 	100000 	0.999645 	5.19039e-15 	0 	0
-3.10811 	348.432 	100000 	0.999645 	1.43415e-15 	0 	0
-3.0981 	348.432 	100000 	0.999645 	-2.32208e-15 	0 	0
-3.08809 	348.432 	100000 	0.999645 	-6.07832e-15 	0 	0
-3.07808 	348.432 	100000 	0.999645 	-9.83456e-15 	0 	0
-3.06807 	348.432 	100000 	0.999645 	-1.35908e-14 	0 	0
-3.05806 	348.432 	100000 	0.999645 	-1.7347e-14 	0 	0
-3.04805 	348.432 	100000 	0.999645 	-1.99833e-14 	0 	0
-3.03804 	348.432 	100000 	0.999645 	-1.79964e-14 	0 	0
-3.02803 	348.432 	100000 	0.999645 	-1.60094e-14 	0 	0
-3.01802 	348.432 	100000 	0.999645 	-1.40225e-14 	0 	0
-3.00801 	348.432 	100000 	0.999645 	-1.20355e-14 	0 	0
-2.998 	348.432 	100000 	0.999645 	-1.00486e-14 	0 	0
-2.98799 	348.432 	100000 	0.999645 	-8.06163e-15 	0 	0
-2.97798 	348.432 	100000 	0.999645 	-6.07468e-15 	0 	0
-2.96797 	348.432 	100000 	0.999645 	-4.08772e-15 	0 	0
-2.95796 	348.432 	100000 	0.999645 	-2.10077e-15 	0 	0
-2.94795 	348.432 	100000 	0.999645 	-5.20504e-16 	0 	0
-2.93794 	348.432 	100000 	0.999645 	-5.17382e-16 	0 	0
-2.92793 	348.432 	100000 	0.999645 	-5.14261e-16 	0 	0
-2.91792 	348.432 	100000 	0.999645 	-5.11139e-16 	0 	0
-2.90791 	348.432 	100000 	0.999645 	-5.08018e-16 	0 	0
-2.8979 	348.432 	100000 	0.999645 	-5.04896e-16 	0 	0
-2.88789 	348.432 	100000 	0.999645 	-5.01774e-16 	0 	0
-2.87788 	348.432 	100000 	0.999645 	-4.98653e-16 	0 	0
-2.86787 	348.432 	100000 	0.999645 	-4.95531e-16 	0 	0
-2.85786 	348.432 	100000 	0.999645 	-4.92409e-16 	0 	0
-2.84785 	348.432 	100000 	0.999645 	-2.95973e-16 	0 	0
-2.83784 	348.432 	100000 	0.999645 	6.06285e-16 	0 	0
-2.82783 	348.432 	100000 	0.999645 	1.50854e-15 	0 	0
-2.81782 	348.432 	100000 	0.999645 	2.4108e-15 	0 	0
-2.80781 	348.432 	100000 	0.999645 	3.31306e-15 	0 	0
-2.7978 	348.432 	100000 	0.999645 	4.21532e-15 	0 	0
-2.78779 	348.432 	100000 	0.999645 	5.11758e-15 	0 	0
-2.77778 	348.432 	100000 	0.999645 	6.01983e-15 	0 	0
-2.76777 	348.432 	100000 	0.999645 	6.92209e-15 	0 	0
-2.75776 	348.432 	100000 	0.999645 	7.82435e-15 	0 	0
-2.74775 	348.432 	100000 	0.999645 	8.53308e-15 	0 	0
-2.73774 	348.432 	100000 	0.999645 	8.57521e-15 	0 	0
-2.72773 	348.432 	100000 	0.999645 	8.61734e-15 	0 	0
-2.71772 	348.432 	100000 	0.999645 	8.65947e-15 	0 	0
-2.70771 	348.432 	100000 	0.999645 	8.7016e-15 	0 	0
-2.6977 	348.432 	100000 	0.999645 	8.74372e-15 	0 	0
-2.68769 	348.432 	100000 	0.999645 	8.78585e-15 	0 	0
-2.67768 	348.432 	100000 	0.999645 	8.82798e-15 	0 	0
-2.66767 	348.432 	100000 	0.999645 	8.87011e-15 	0 	0
-2.65766 	348.432 	100000 	0.999645 	8.91224e-15 	0 	0
-2.64765 	348.432 	100000 	0.999645 	9.60179e-15 	0 	0
-2.63764 	348.432 	100000 	0.999645 	1.23989e-14 	0 	0
-2.62763 	348.432 	100000 	0.999645 	1.5196e-14 	0 	0
-2.61762 	348.432 	100000 	0.999645 	1.79932e-14 	0 	0
-2.60761 	348.432 	100000 	0.999645 	2.07903e-14 	0 	0
-2.5976 	348.432 	100000 	0.999645 	2.35874e-14 	0 	0
-2.58759 	348.432 	100000 	0.999645 	2.63845e-14 	0 	0
-2.57758 	348.432 	100000 	0.999645 	2.91816e-14 	0 	0
-2.56757 	348.432 	100000 	0.999645 	3.19788e-14 	0 	0
-2.55756 	348.432 	100000 	0.999645 	3.47759e-14 	0 	0
-2.54755 	348.432 	100000 	0.999645 	3.97487e-14 	0 	0
-2.53754 	348.432 	100000 	0.999645 	5.14264e-14 	0 	0
-2.52753 	348.432 	100000 	0.999645 	6.31042e-14 	0 	0
-2.51752 	348.432 	100000 	0.999645 	7.47819e-14 	0 	0
-2.50751 	348.432 	100000 	0.999645 	8.64596e-14 	0 	0
-2.4975 	348.432 	100000 	0.999645 	9.81373e-14 	0 	0
-2.48749 	348.432 	100000 	0.999645 	1.09815e-13 	0 	0
-2.47748 	348.432 	100000 	0.999645 	1.21493e-13 	0 	0
-2.46747 	348.432 	100000 	0.999645 	1.3317e-13 	0 	0
-2.45746 	348.432 	100000 	0.999645 	1.44848e-13 	0 	0
-2.44745 	348.432 	100000 	0.999645 	1.52608e-13 	0 	0
-2.43744 	348.432 	100000 	0.999645 	1.48923e-13 	0 	0
-2.42743 	348.432 	100000 	0.999645 	1.45238e-13 	0 	0
-2.41742 	348.432 	100000 	0.999645 	1.41552e-13 	0 	0
-2.40741 	348.432 	100000 	0.999645 	1.37867e-13 	0 	0
-2.3974 	348.432 	100000 	0.999645 	1.34182e-13 	0 	0
-2.38739 	348.432 	100000 	0.999645 	1.30497e-13 	0 	0
-2.37738 	348.432 	100000 	0.999645 	1.26811e-13 	0 	0
-2.36737 	348.432 	100000 	0.999645 	1.23126e-13 	0 	0
-2.35736 	348.432 	100000 	0.999645 	1.19441e-13 	0 	0
-2.34735 	348.432 	100000 	0.999645 	1.10638e-13 	0 	0
-2.33734 	348.432 	100000 	0.999645 	8.76433e-14 	0 	0
-2.32733 	348.432 	100000 	0.999645 	6.46483e-14 	0 	0
-2.31732 	348.432 	100000 	0.999645 	4.16533e-14 	0 	0
-2.30731 	348.432 	100000 	0.999645 	1.86583e-14 	0 	0
-2.2973 	348.432 	100000 	0.999645 	-4.33665e-15 	0 	0
-2.28729 	348.432 	100000 	0.999645 	-2.73316e-14 	0 	0
-2.27728 	348.432 	100000 	0.999645 	-5.03266e-14 	0 	0
-2.26727 	348.432 	100000 	0.999645 	-7.33216e-14 	0 	0
-2.25726 	348.432 	100000 	0.999645 	-9.63166e-14 	0 	0
-2.24725 	348.432 	100000 	0.999645 	-1.11147e-13 	0 	0
-2.23724 	348.432 	100000 	0.999645 	-1.04453e-13 	0 	0
-2.22723 	348.432 	100000 	0.999645 	-9.77595e-14 	0 	0
-2.21722 	348.432 	100000 	0.999645 	-9.10656e-14 	0 	0
-2.20721 	348.432 	100000 	0.999645 	-8.43718e-14 	0 	0
-2.1972 	348.432 	100000 	0.999645 	-7.76779e-14 	0 	0
-2.18719 	348.432 	100000 	0.999645 	-7.09841e-14 	0 	0
-2.17718 	348.432 	100000 	0.999645 	-6.42902e-14 	0 	0
-2.16717 	348.432 	100000 	0.999645 	-5.75964e-14 	0 	0
-2.15716 	348.432 	100000 	0.999645 	-5.09025e-14 	0 	0
-2.14715 	348.432 	100000 	0.999645 	-3.86426e-14 	0 	0
-2.13714 	348.432 	100000 	0.999645 	-1.24187e-14 	0 	0
-2.12713 	348.432 	100000 	0.999645 	1.38051e-14 	0 	0
-2.11712 	348.432 	100000 	0.999645 	4.0029e-14 	0 	0
-2.10711 	348.432 	100000 	0.999645 	6.62529e-14 	0 	0
-2.0971 	348.432 	100000 	0.999645 	9.24767e-14 	0 	0
-2.08709 	348.432 	100000 	0.999645 	1.18701e-13 	0 	0
-2.07708 	348.432 	100000 	0.999645 	1.44924e-13 	0 	0
-2.06707 	348.432 	100000 	0.999645 	1.71148e-13 	0 	0
-2.05706 	348.432 	100000 	0.999645 	1.97372e-13 	0 	0
-2.04705 	348.432 	100000 	0.999645 	2.19439e-13 	0 	0
-2.03704 	348.432 	100000 	0.999645 	2.31573e-13 	0 	0
-2.02703 	348.432 	100000 	0.999645 	2.43707e-13 	0 	0
-2.01702 	348.432 	100000 	0.999645 	2.5584e-13 	0 	0
-2.00701 	348.432 	100000 	0.999645 	2.67974e-13 	0 	0
-1.997 	348.432 	100000 	0.999645 	2.80108e-13 	0 	0
-1.98699 	348.432 	100000 	0.999645 	2.92241e-13 	0 	0
-1.97698 	348.432 	100000 	0.999645 	3.04375e-13 	0 	0
-1.96697 	348.432 	100000 	0.999645 	3.16508e-13 	0 	0
-1.95696 	348.432 	100000 	0.999645 	3.28642e-13 	0 	0
-1.94695 	348.432 	100000 	0.999645 	3.30671e-13 	0 	0
-1.93694 	348.432 	100000 	0.999645 	3.09672e-13 	0 	0
-1.92693 	348.432 	100000 	0.999645 	2.88674e-13 	0 	0
-1.91692 	348.432 	100000 	0.999645 	2.67676e-13 	0 	0
-1.90691 	348.432 	100000 	0.999645 	2.46678e-13 	0 	0
-1.8969 	348.432 	100000 	0.999645 	2.2568e-13 	0 	0
-1.88689 	348.432 	100000 	0.999645 	2.04681e-13 	0 	0
-1.87688 	348.432 	100000 	0.999645 	1.83683e-13 	0 	0
-1.86687 	348.432 	100000 	0.999645 	1.62685e-13 	0 	0
-1.85686 	348.432 	100000 	0.999645 	1.41687e-13 	0 	0
-1.84685 	348.432 	100000 	0.999645 	1.21519e-13 	0 	0
-1.83684 	348.432 	100000 	0.999645 	1.03158e-13 	0 	0
-1.82683 	348.432 	100000 	0.999645 	8.47962e-14 	0 	0
-1.81682 	348.432 	100000 	0.999645 	6.64348e-14 	0 	0
-1.80681 	348.432 	100000 	0.999645 	4.80733e-14 	0 	0
-1.7968 	348.432 	100000 	0.999645 	2.97119e-14 	0 	0
-1.78679 	348.432 	100000 	0.999645 	1.13504e-14 	0 	0
-1.77678 	348.432 	100000 	0.999645 	-7.01102e-15 	0 	0
-1.76677 	348.432 	100000 	0.999645 	-2.53725e-14 	0 	0
-1.75676 	348.432 	100000 	0.999645 	-4.37339e-14 	0 	0
-1.74675 	348.432 	100000 	0.999645 	-5.74747e-14 	0 	0
-1.73674 	348.432 	100000 	0.999645 	-6.16185e-14 	0 	0
-1.72673 	348.432 	100000 	0.999645 	-6.57624e-14 	0 	0
-1.71672 	348.432 	100000 	0.999645 	-6.99062e-14 	0 	0
-1.70671 	348.432 	100000 	0.999645 	-7.40501e-14 	0 	0
-1.6967 	348.432 	100000 	0.999645 	-7.8194e-14 	0 	0
-1.68669 	348.432 	100000 	0.999645 	-8.23378e-14 	0 	0
-1.67668 	348.432 	100000 	0.999645 	-8.64817e-14 	0 	0
-1.66667 	348.432 	100000 	0.999645 	-9.06256e-14 	0 	0
-1.65666 	348.432 	100000 	0.999645 	-9.47694e-14 	0 	0
-1.64665 	348.432 	100000 	0.999645 	-9.46183e-14 	0 	0
-1.63664 	348.432 	100000 	0.999645 	-8.59411e-14 	0 	0
-1.62663 	348.432 	100000 	0.999645 	-7.7264e-14 	0 	0
-1.61662 	348.432 	100000 	0.999645 	-6.85869e-14 	0 	0
-1.60661 	348.432 	100000 	0.999645 	-5.99098e-14 	0 	0
-1.5966 	348.432 	100000 	0.999645 	-5.12327e-14 	0 	0
-1.58659 	348.432 	100000 	0.999645 	-4.25556e-14 	0 	0
-1.57658 	348.432 	100000 	0.999645 	-3.38784e-14 	0 	0
-1.56657 	348.432 	100000 	0.999645 	-2.52013e-14 	0 	0
-1.55656 	348.432 	100000 	0.999645 	-1.65242e-14 	0 	0
-1.54655 	348.432 	100000 	0.999645 	-6.76432e-15 	0 	0
-1.53654 	348.432 	100000 	0.999645 	5.05126e-15 	0 	0
-1.52653 	348.432 	100000 	0.999645 	1.68668e-14 	0 	0
-1.51652 	348.432 	100000 	0.999645 	2.86824e-14 	0 	0
-1.50651 	348.432 	100000 	0.999645 	4.0498e-14 	0 	0
-1.4965 	348.432 	100000 	0.999645 	5.23136e-14 	0 	0
-1.48649 	348.432 	100000 	0.999645 	6.41292e-14 	0 	0
-1.47648 	348.432 	100000 	0.999645 	7.59448e-14 	0 	0
-1.46647 	348.432 	100000 	0.999645 	8.77604e-14 	0 	0
-1.45646 	348.432 	100000 	0.999645 	9.95759e-14 	0 	0
-1.44645 	348.432 	100000 	0.999645 	1.0558e-13 	0 	0
-1.43644 	348.432 	100000 	0.999645 	1.01024e-13 	0 	0
-1.42643 	348.432 	100000 	0.999645 	9.6469e-14 	0 	0
-1.41642 	348.432 	100000 	0.999645 	9.19135e-14 	0 	0
-1.40641 	348.432 	100000 	0.999645 	8.73581e-14 	0 	0
-1.3964 	348.432 	100000 	0.999645 	8.28027e-14 	0 	0
-1.38639 	348.432 	100000 	0.999645 	7.82473e-14 	0 	0
-1.37638 	348.432 	100000 	0.999645 	7.36918e-14 	0 	0
-1.36637 	348.432 	100000 	0.999645 	6.91364e-14 	0 	0
-1.35636 	348.432 	100000 	0.999645 	6.4581e-14 	0 	0
-1.34635 	348.432 	100000 	0.999645 	5.92546e-14 	0 	0
-1.33634 	348.432 	100000 	0.999645 	5.25867e-14 	0 	0
-1.32633 	348.432 	100000 	0.999645 	4.59189e-14 	0 	0
-1.31632 	348.432 	100000 	0.999645 	3.92511e-14 	0 	0
-1.30631 	348.432 	100000 	0.999645 	3.25833e-14 	0 	0
-1.2963 	348.432 	100000 	0.999645 	2.59155e-14 	0 	0
-1.28629 	348.432 	100000 	0.999645 	1.92477e-14 	0 	0
-1.27628 	348.432 	100000 	0.999645 	1.25799e-14 	0 	0
-1.26627 	348.432 	100000 	0.999645 	5.9121e-15 	0 	0
-1.25626 	348.432 	100000 	0.999645 	-7.55701e-16 	0 	0
-1.24625 	348.432 	100000 	0.999645 	-3.50767e-15 	0 	0
-1.23624 	348.432 	100000 	0.999645 	2.66751e-16 	0 	0
-1.22623 	348.432 	100000 	0.999645 	4.04117e-15 	0 	0
-1.21622 	348.432 	100000 	0.999645 	7.8156e-15 	0 	0
-1.20621 	348.432 	100000 	0.999645 	1.159e-14 	0 	0
-1.1962 	348.432 	100000 	0.999645 	1.53644e-14 	0 	0
-1.18619 	348.432 	100000 	0.999645 	1.91389e-14 	0 	0
-1.17618 	348.432 	100000 	0.999645 	2.29133e-14 	0 	0
-1.16617 	348.432 	100000 	0.999645 	2.66877e-14 	0 	0
-1.15616 	348.432 	100000 	0.999645 	3.04621e-14 	0 	0
-1.14615 	348.432 	100000 	0.999645 	3.74304e-14 	0 	0
-1.13614 	348.432 	100000 	0.999645 	4.95005e-14 	0 	0
-1.12613 	348.432 	100000 	0.999645 	6.15707e-14 	0 	0
-1.11612 	348.432 	100000 	0.999645 	7.36408e-14 	0 	0
-1.10611 	348.432 	100000 	0.999645 	8.57109e-14 	0 	0
-1.0961 	348.432 	100000 	0.999645 	9.77811e-14 	0 	0
-1.08609 	348.432 	100000 	0.999645 	1.09851e-13 	0 	0
-1.07608 	348.432 	100000 	0.999645 	1.21921e-13 	0 	0
-1.06607 	348.432 	100000 	0.999645 	1.33991e-13 	0 	0
-1.05606 	348.432 	100000 	0.999645 	1.46062e-13 	0 	0
-1.04605 	348.432 	100000 	0.999645 	1.78616e-13 	0 	0
-1.03604 	348.432 	100000 	0.999645 	2.42547e-13 	0 	0
-1.02603 	348.432 	100000 	0.999645 	3.06477e-13 	0 	0
-1.01602 	348.432 	100000 	0.999645 	3.70407e-13 	0 	0
-1.00601 	348.432 	100000 	0.999645 	4.34337e-13 	0 	0
-0.995996 	348.432 	100000 	0.999645 	4.98268e-13 	0 	0
-0.985986 	348.432 	100000 	0.999645 	5.62198e-13 	0 	0
-0.975976 	348.432 	100000 	0.999645 	6.26128e-13 	0 	0
-0.965966 	348.432 	100000 	0.999645 	6.90058e-13 	0 	0
-0.955956 	348.432 	100000 	0.999645 	7.53989e-13 	0 	0
-0.945946 	348.432 	100000 	0.999645 	3.30165e-10 	0 	0
-0.935936 	348.432 	100000 	0.999645 	1.14343e-09 	0 	0
-0.925926 	348.432 	100000 	0.999645 	1.9567e-09 	0 	0
-0.915916 	348.432 	100000 	0.999645 	2.76997e-09 	0 	0
-0.905906 	348.432 	100000 	0.999645 	3.58323e-09 	0 	0
-0.895896 	348.432 	100000 	0.999645 	4.3965e-09 	0 	0
-0.885886 	348.432 	100000 	0.999645 	5.20977e-09 	0 	0
-0.875876 	348.432 	100000 	0.999645 	6.02303e-09 	0 	0
-0.865866 	348.432 	100000 	0.999645 	6.8363e-09 	0 	0
-0.855856 	348.432 	100000 	0.999645 	7.64957e-09 	0 	0
-0.845846 	348.432 	100000 	0.999645 	2.30885e-06 	0 	0
-0.835836 	348.432 	100000 	0.999645 	7.85277e-06 	0 	0
-0.825826 	348.432 	100000 	0.999645 	1.33967e-05 	0 	0
-0.815816 	348.432 	100000 	0.999645 	1.89406e-05 	0 	0
-0.805806 	348.432 	100000 	0.999645 	2.44845e-05 	0 	0
-0.795796 	348.432 	100000 	0.999645 	3.00285e-05 	0 	0
-0.785786 	348.432 	100000 	0.999645 	3.55724e-05 	0 	0
-0.775776 	348.432 	100000 	0.999645 	4.11163e-05 	0 	0
-0.765766 	348.432 	100000 	0.999645 	4.66602e-05 	0 	0
-0.755756 	348.432 	100000 	0.999645 	5.22041e-05 	0 	0
-0.745746 	348.432 	99999.6 	0.999642 	0.00113947 	0 	0
-0.735736 	348.431 	99998.6 	0.999635 	0.00369023 	0 	0
-0.725726 	348.43 	99997.7 	0.999628 	0.00624099 	0 	0
-0.715716 	348.429 	99996.7 	0.999622 	0.00879175 	0 	0
-0.705706 	348.428 	99995.7 	0.999615 	0.0113425 	0 	0
-0.695696 	348.427 	99994.8 	0.999608 	0.0138933 	0 	0
-0.685686 	348.426 	99993.8 	0.999601 	0.016444 	0 	0
-0.675676 	348.425 	99992.9 	0.999594 	0.0189948 	0 	0
-0.665666 	348.424 	99991.9 	0.999588 	0.0215456 	0 	0
-0.655656 	348.424 	99990.9 	0.999581 	0.0240963 	0 	0
-0.645646 	348.403 	99969.6 	0.999427 	0.0812437 	0 	0
-0.635636 	348.355 	99921.8 	0.999084 	0.209304 	0 	0
-0.625626 	348.308 	99873.9 	0.99874 	0.337364 	0 	0
-0.615616 	348.261 	99826.1 	0.998396 	0.465425 	0 	0
-0.605606 	348.214 	99778.2 	0.998052 	0.593485 	0 	0
-0.595596 	348.167 	99730.4 	0.997709 	0.721545 	0 	0
-0.585586 	348.12 	99682.6 	0.997365 	0.849606 	0 	0
-0.575576 	348.073 	99634.7 	0.997021 	0.977666 	0 	0
-0.565566 	348.026 	99586.9 	0.996678 	1.10573 	0 	0
-0.555556 	347.979 	99539.1 	0.996334 	1.23379 	0 	0
-0.545546 	347.76 	99320.1 	0.994751 	1.82949 	0 	0
-0.535536 	347.327 	98887.7 	0.991624 	3.00842 	0 	0
-0.525526 	346.894 	98455.3 	0.988497 	4.18735 	0 	0
-0.515516 	346.461 	98022.9 	0.985369 	5.36628 	0 	0
-0.505506 	346.028 	97590.6 	0.982242 	6.54522 	0 	0
-0.495495 	345.595 	97158.2 	0.979115 	7.72415 	0 	0
-0.485485 	345.161 	96725.8 	0.975987 	8.90308 	0 	0
-0.475475 	344.728 	96293.4 	0.97286 	10.082 	0 	0
-0.465465 	344.295 	95861 	0.969733 	11.2609 	0 	0
-0.455455 	343.862 	95428.6 	0.966605 	12.4399 	0 	0
-0.445445 	343.055 	94665 	0.961011 	14.623 	0 	0
-0.435435 	341.799 	93504.4 	0.952462 	18.0089 	0 	0
-0.425425 	340.543 	92343.9 	0.943914 	21.3948 	0 	0
-0.415415 	339.287 	91183.4 	0.935365 	24.7807 	0 	0
-0.405405 	338.031 	90022.8 	0.926816 	28.1667 	0 	0
-0.395395 	336.775 	88862.3 	0.918267 	31.5526 	0 	0
-0.385385 	335.519 	87701.8 	0.909718 	34.9385 	0 	0
-0.375375 	334.263 	86541.2 	0.901169 	38.3244 	0 	0
-0.365365 	333.007 	85380.7 	0.89262 	41.7103 	0 	0
-0.355355 	331.751 	84220.2 	0.884072 	45.0962 	0 	0
-0.345345 	330.235 	82910.9 	0.874208 	49.2801 	0 	0
-0.335335 	328.421 	81430.6 	0.86283 	54.3819 	0 	0
-0.325325 	326.607 	79950.3 	0.851453 	59.4838 	0 	0
-0.315315 	324.793 	78470 	0.840076 	64.5856 	0 	0
-0.305305 	322.979 	76989.6 	0.828699 	69.6875 	0 	0
-0.295295 	321.164 	75509.3 	0.817322 	74.7893 	0 	0
-0.285285 	319.35 	74029 	0.805945 	79.8912 	0 	0
-0.275275 	317.536 	72548.6 	0.794567 	84.993 	0 	0
-0.265265 	315.722 	71068.3 	0.78319 	90.0949 	0 	0
-0.255255 	313.907 	69588 	0.771813 	95.1967 	0 	0
-0.245245 	311.974 	68096.9 	0.759904 	100.477 	0 	0
-0.235235 	309.909 	66594 	0.747408 	105.953 	0 	0
-0.225225 	307.843 	65091.1 	0.734911 	111.43 	0 	0
-0.215215 	305.778 	63588.2 	0.722415 	116.907 	0 	0
-0.205205 	303.712 	62085.3 	0.709918 	122.383 	0 	0
-0.195195 	301.647 	60582.4 	0.697422 	127.86 	0 	0
-0.185185 	299.582 	59079.4 	0.684925 	133.337 	0 	0
-0.175175 	297.516 	57576.5 	0.672429 	138.813 	0 	0
-0.165165 	295.451 	56073.6 	0.659932 	144.29 	0 	0
-0.155155 	293.386 	54570.7 	0.647436 	149.767 	0 	0
-0.145145 	291.608 	53288.8 	0.636277 	155.796 	0 	0
-0.135135 	290.135 	52241.6 	0.626538 	162.411 	0 	0
-0.125125 	288.662 	51194.3 	0.616799 	169.027 	0 	0
-0.115115 	287.189 	50147.1 	0.607061 	175.642 	0 	0
-0.105105 	285.716 	49099.8 	0.597322 	182.258 	0 	0
-0.0950951 	284.243 	48052.6 	0.587584 	188.874 	0 	0
-0.0850851 	282.77 	47005.4 	0.577845 	195.489 	0 	0
-0.0750751 	281.298 	45958.1 	0.568106 	202.105 	0 	0
-0.0650651 	279.825 	44910.9 	0.558368 	208.72 	0 	0
-0.0550551 	278.352 	43863.7 	0.548629 	215.336 	0 	0
-0.045045 	276.607 	42767.8 	0.538153 	221.929 	0 	0
-0.035035 	274.586 	41622.3 	0.526923 	228.498 	0 	0
-0.025025 	272.564 	40476.9 	0.515694 	235.067 	0 	0
-0.015015 	270.542 	39331.4 	0.504465 	241.636 	0 	0
-0.00500501 	268.52 	38185.9 	0.493236 	248.205 	0 	0
0.00500501 	266.499 	37040.5 	0.482007 	254.773 	0 	0
0.015015 	264.477 	35895 	0.470778 	261.342 	0 	0
0.025025 	262.455 	34749.5 	0.459549 	267.911 	0 	0
0.035035 	260.433 	33604.1 	0.44832 	274.48 	0 	0
0.045045 	258.412 	32458.6 	0.43709 	281.049 	0 	0
0.0550551 	257.839 	31780.7 	0.429386 	285.304 	0 	0
0.0650651 	258.685 	31561.2 	0.425136 	287.289 	0 	0
0.0750751 	259.532 	31341.7 	0.420886 	289.275 	0 	0
0.0850851 	260.378 	31122.2 	0.416636 	291.261 	0 	0
0.0950951 	261.225 	30902.7 	0.412386 	293.247 	0 	0
0.105105 	262.072 	30683.1 	0.408135 	295.232 	0 	0
0.115115 	262.918 	30463.6 	0.403885 	297.218 	0 	0
0.125125 	263.765 	30244.1 	0.399635 	299.204 	0 	0
0.135135 	264.612 	30024.6 	0.395385 	301.189 	0 	0
0.145145 	265.458 	29805.1 	0.391135 	303.175 	0 	0
0.155155 	267.712 	29757.9 	0.387381 	303.735 	0 	0
0.165165 	271.29 	29873 	0.384095 	302.952 	0 	0
0.175175 	274.868 	29988 	0.380808 	302.169 	0 	0
0.185185 	278.446 	30103.1 	0.377521 	301.387 	0 	0
0.195195 	282.024 	30218.2 	0.374234 	300.604 	0 	0
0.205205 	285.603 	30333.3 	0.370947 	299.821 	0 	0
0.215215 	289.181 	30448.4 	0.367661 	299.038 	0 	0
0.225225 	292.759 	30563.5 	0.364374 	298.255 	0 	0
0.235235 	296.337 	30678.5 	0.361087 	297.473 	0 	0
0.245245 	299.915 	30793.6 	0.3578 	296.69 	0 	0
0.255255 	304.387 	30873.8 	0.353703 	296.583 	0 	0
0.265265 	309.666 	30922.4 	0.348874 	297.089 	0 	0
0.275275 	314.945 	30971 	0.344044 	297.594 	0 	0
0.285285 	320.224 	31019.5 	0.339214 	298.1 	0 	0
0.295295 	325.503 	31068.1 	0.334384 	298.605 	0 	0
0.305305 	330.782 	31116.7 	0.329555 	299.111 	0 	0
0.315315 	336.062 	31165.3 	0.324725 	299.616 	0 	0
0.325325 	341.341 	31213.9 	0.319895 	300.122 	0 	0
0.335335 	346.62 	31262.4 	0.315066 	300.627 	0 	0
0.345345 	351.899 	31311 	0.310236 	301.133 	0 	0
0.355355 	355.733 	31206.3 	0.305706 	300.195 	0 	0
0.365365 	358.31 	30968.3 	0.301438 	298.003 	0 	0
0.375375 	360.887 	30730.4 	0.297169 	295.812 	0 	0
0.385385 	363.464 	30492.5 	0.292901 	293.62 	0 	0
0.395395 	366.041 	30254.5 	0.288632 	291.428 	0 	0
0.405405 	368.618 	30016.6 	0.284363 	289.236 	0 	0
0.415415 	371.195 	29778.6 	0.280095 	287.044 	0 	0
0.425425 	373.772 	29540.7 	0.275826 	284.852 	0 	0
0.435435 	376.349 	29302.7 	0.271558 	282.66 	0 	0
0.445445 	378.926 	29064.8 	0.267289 	280.468 	0 	0
0.455455 	378.809 	28471.4 	0.261567 	274.029 	0 	0
0.465465 	376.441 	27581.2 	0.254631 	264.045 	0 	0
0.475475 	374.073 	26691.1 	0.247696 	254.06 	0 	0
0.485485 	371.705 	25801 	0.24076 	244.076 	0 	0
0.495495 	369.337 	24910.8 	0.233825 	234.092 	0 	0
0.505506 	366.97 	24020.7 	0.226889 	224.107 	0 	0
0.515516 	364.602 	23130.5 	0.219953 	214.123 	0 	0
0.525526 	362.234 	22240.4 	0.213018 	204.138 	0 	0
0.535536 	359.866 	21350.3 	0.206082 	194.154 	0 	0
0.545546 	357.499 	20460.1 	0.199146 	184.169 	0 	0
0.555556 	352.958 	19582.3 	0.192675 	171.503 	0 	0
0.565566 	346.674 	18714.4 	0.186577 	156.685 	0 	0
0.575576 	340.391 	17846.6 	0.180478 	141.868 	0 	0
0.585586 	334.108 	16978.7 	0.174379 	127.051 	0 	0
0.595596 	327.825 	16110.8 	0.168281 	112.234 	0 	0
0.605606 	321.541 	15242.9 	0.162182 	97.4171 	0 	0
0.615616 	315.258 	14375.1 	0.156084 	82.6001 	0 	0
0.625626 	308.975 	13507.2 	0.149985 	67.783 	0 	0
0.635636 	302.692 	12639.3 	0.143886 	52.9659 	0 	0
0.645646 	296.408 	11771.4 	0.137788 	38.1488 	0 	0
0.655656 	292.842 	11316.2 	0.134568 	29.9374 	0 	0
0.665666 	291.369 	11178.7 	0.133565 	26.8117 	0 	0
0.675676 	289.895 	11041.1 	0.132562 	23.6861 	0 	0
0.685686 	288.421 	10903.6 	0.131559 	20.5604 	0 	0
0.695696 	286.947 	10766.1 	0.130555 	17.4348 	0 	0
0.705706 	285.473 	10628.6 	0.129552 	14.3091 	0 	0
0.715716 	284 	10491 	0.128549 	11.1835 	0 	0
0.725726 	282.526 	10353.5 	0.127546 	8.05781 	0 	0
0.735736 	281.052 	10216 	0.126543 	4.93215 	0 	0
0.745746 	279.578 	10078.4 	0.125539 	1.80649 	0 	0
0.755756 	278.94 	10018.8 	0.125104 	0.450594 	0 	0
0.765766 	278.92 	10016.8 	0.125088 	0.402775 	0 	0
0.775776 	278.899 	10014.8 	0.125073 	0.354956 	0 	0
0.785786 	278.878 	10012.8 	0.125057 	0.307137 	0 	0
0.795796 	278.858 	10010.8 	0.125041 	0.259318 	0 	0
0.805806 	278.837 	10008.8 	0.125025 	0.2115 	0 	0
0.815816 	278.816 	10006.8 	0.12501 	0.163681 	0 	0
0.825826 	278.796 	10004.8 	0.124994 	0.115862 	0 	0
0.835836 	278.775 	10002.8 	0.124978 	0.0680428 	0 	0
0.845846 	278.755 	10000.8 	0.124963 	0.0202239 	0 	0
0.855856 	278.746 	10000 	0.124956 	0.000356843 	0 	0
0.865866 	278.746 	10000 	0.124956 	0.000318902 	0 	0
0.875876 	278.746 	10000 	0.124956 	0.000280961 	0 	0
0.885886 	278.746 	10000 	0.124956 	0.000243021 	0 	0
0.895896 	278.746 	10000 	0.124956 	0.00020508 	0 	0
0.905906 	278.746 	10000 	0.124955 	0.000167139 	0 	0
0.915916 	278.746 	10000 	0.124955 	0.000129199 	0 	0
0.925926 	278.746 	10000 	0.124955 	9.12581e-05 	0 	0
0.935936 	278.746 	10000 	0.124955 	5.33175e-05 	0 	0
0.945946 	278.746 	10000 	0.124955 	1.53768e-05 	0 	0
0.955956 	278.746 	10000 	0.124955 	1.02194e-08 	0 	0
0.965966 	278.746 	10000 	0.124955 	9.13162e-09 	0 	0
0.975976 	278.746 	10000 	0.124955 	8.04386e-09 	0 	0
0.985986 	278.746 	10000 	0.124955 	6.95611e-09 	0 	0
0.995996 	278.746 	10000 	0.124955 	5.86835e-09 	0 	0
1.00601 	278.746 	10000 	0.124955 	4.78059e-09 	0 	0
1.01602 	278.746 	10000 	0.124955 	3.69283e-09 	0 	0
1.02603 	278.746 	10000 	0.124955 	2.60507e-09 	0 	0
1.03604 	278.746 	10000 	0.124955 	1.51731e-09 	0 	0
1.04605 	278.746 	10000 	0.124955 	4.29551e-10 	0 	0
1.05606 	278.746 	10000 	0.124955 	-1.28031e-13 	0 	0
1.06607 	278.746 	10000 	0.124955 	-1.51036e-13 	0 	0
1.07608 	278.746 	10000 	0.124955 	-1.74042e-13 	0 	0
1.08609 	278.746 	10000 	0.124955 	-1.97047e-13 	0 	0
1.0961 	278.746 	10000 	0.124955 	-2.20052e-13 	0 	0
1.10611 	278.746 	10000 	0.124955 	-2.43057e-13 	0 	0
1.11612 	278.746 	10000 	0.124955 	-2.66062e-13 	0 	0
1.12613 	278.746 	10000 	0.124955 	-2.89068e-13 	0 	0
1.13614 	278.746 	10000 	0.124955 	-3.12073e-13 	0 	0
1.14615 	278.746 	10000 	0.124955 	-3.35078e-13 	0 	0
1.15616 	278.746 	10000 	0.124955 	-3.29973e-13 	0 	0
1.16617 	278.746 	10000 	0.124955 	-3.07269e-13 	0 	0
1.17618 	278.746 	10000 	0.124955 	-2.84566e-13 	0 	0
1.18619 	278.746 	10000 	0.124955 	-2.61863e-13 	0 	0
1.1962 	278.746 	10000 	0.124955 	-2.3916e-13 	0 	0
1.20621 	278.746 	10000 	0.124955 	-2.16457e-13 	0 	0
1.21622 	278.746 	10000 	0.124955 	-1.93753e-13 	0 	0
1.22623 	278.746 	10000 	0.124955 	-1.7105e-13 	0 	0
1.23624 	278.746 	10000 	0.124955 	-1.48347e-13 	0 	0
1.24625 	278.746 	10000 	0.124955 	-1.25644e-13 	0 	0
1.25626 	278.746 	10000 	0.124955 	-1.05257e-13 	0 	0
1.26627 	278.746 	10000 	0.124955 	-8.62603e-14 	0 	0
1.27628 	278.746 	10000 	0.124955 	-6.72636e-14 	0 	0
1.28629 	278.746 	10000 	0.124955 	-4.82669e-14 	0 	0
1.2963 	278.746 	10000 	0.124955 	-2.92701e-14 	0 	0
1.30631 	278.746 	10000 	0.124955 	-1.02734e-14 	0 	0
1.31632 	278.746 	10000 	0.124955 	8.72331e-15 	0 	0
1.32633 	278.746 	10000 	0.124955 	2.772e-14 	0 	0
1.33634 	278.746 	10000 	0.124955 	4.67168e-14 	0 	0
1.34635 	278.746 	10000 	0.124955 	6.57135e-14 	0 	0
1.35636 	278.746 	10000 	0.124955 	8.01847e-14 	0 	0
1.36637 	278.746 	10000 	0.124955 	9.20547e-14 	0 	0
1.37638 	278.746 	10000 	0.124955 	1.03925e-13 	0 	0
1.38639 	278.746 	10000 	0.124955 	1.15795e-13 	0 	0
1.3964 	278.746 	10000 	0.124955 	1.27664e-13 	0 	0
1.40641 	278.746 	10000 	0.124955 	1.39534e-13 	0 	0
1.41642 	278.746 	10000 	0.124955 	1.51404e-13 	0 	0
1.42643 	278.746 	10000 	0.124955 	1.63274e-13 	0 	0
1.43644 	278.746 	10000 	0.124955 	1.75144e-13 	0 	0
1.44645 	278.746 	10000 	0.124955 	1.87014e-13 	0 	0
1.45646 	278.746 	10000 	0.124955 	1.79449e-13 	0 	0
1.46647 	278.746 	10000 	0.124955 	1.61187e-13 	0 	0
1.47648 	278.746 	10000 	0.124955 	1.42925e-13 	0 	0
1.48649 	278.746 	10000 	0.124955 	1.24663e-13 	0 	0
1.4965 	278.746 	10000 	0.124955 	1.06401e-13 	0 	0
1.50651 	278.746 	10000 	0.124955 	8.81388e-14 	0 	0
1.51652 	278.746 	10000 	0.124955 	6.98767e-14 	0 	0
1.52653 	278.746 	10000 	0.124955 	5.16147e-14 	0 	0
1.53654 	278.746 	10000 	0.124955 	3.33527e-14 	0 	0
1.54655 	278.746 	10000 	0.124955 	1.50906e-14 	0 	0
1.55656 	278.746 	10000 	0.124955 	-3.31131e-15 	0 	0
1.56657 	278.746 	10000 	0.124955 	-2.17869e-14 	0 	0
1.57658 	278.746 	10000 	0.124955 	-4.02625e-14 	0 	0
1.58659 	278.746 	10000 	0.124955 	-5.87381e-14 	0 	0
1.5966 	278.746 	10000 	0.124955 	-7.72137e-14 	0 	0
1.60661 	278.746 	10000 	0.124955 	-9.56893e-14 	0 	0
1.61662 	278.746 	10000 	0.124955 	-1.14165e-13 	0 	0
1.62663 	278.746 	10000 	0.124955 	-1.3264e-13 	0 	0
1.63664 	278.746 	10000 	0.124955 	-1.51116e-13 	0 	0
1.64665 	278.746 	10000 	0.124955 	-1.69592e-13 	0 	0
1.65666 	278.746 	10000 	0.124955 	-1.70529e-13 	0 	0
1.66667 	278.746 	10000 	0.124955 	-1.62632e-13 	0 	0
1.67668 	278.746 	10000 	0.124955 	-1.54734e-13 	0 	0
1.68669 	278.746 	10000 	0.124955 	-1.46837e-13 	0 	0
1.6967 	278.746 	10000 	0.124955 	-1.38939e-13 	0 	0
1.70671 	278.746 	10000 	0.124955 	-1.31042e-13 	0 	0
1.71672 	278.746 	10000 	0.124955 	-1.23144e-13 	0 	0
1.72673 	278.746 	10000 	0.124955 	-1.15246e-13 	0 	0
1.73674 	278.746 	10000 	0.124955 	-1.07349e-13 	0 	0
1.74675 	278.746 	10000 	0.124955 	-9.94514e-14 	0 	0
1.75676 	278.746 	10000 	0.124955 	-8.49654e-14 	0 	0
1.76677 	278.746 	10000 	0.124955 	-6.73073e-14 	0 	0
1.77678 	278.746 	10000 	0.124955 	-4.96491e-14 	0 	0
1.78679 	278.746 	10000 	0.124955 	-3.19909e-14 	0 	0
1.7968 	278.746 	10000 	0.124955 	-1.43327e-14 	0 	0
1.80681 	278.746 	10000 	0.124955 	3.32546e-15 	0 	0
1.81682 	278.746 	10000 	0.124955 	2.09836e-14 	0 	0
1.82683 	278.746 	10000 	0.124955 	3.86418e-14 	0 	0
1.83684 	278.746 	10000 	0.124955 	5.63e-14 	0 	0
1.84685 	278.746 	10000 	0.124955 	7.39582e-14 	0 	0
1.85686 	278.746 	10000 	0.124955 	9.36646e-14 	0 	0
1.86687 	278.746 	10000 	0.124955 	1.14313e-13 	0 	0
1.87688 	278.746 	10000 	0.124955 	1.34961e-13 	0 	0
1.88689 	278.746 	10000 	0.124955 	1.55609e-13 	0 	0
1.8969 	278.746 	10000 	0.124955 	1.76258e-13 	0 	0
1.90691 	278.746 	10000 	0.124955 	1.96906e-13 	0 	0
1.91692 	278.746 	10000 	0.124955 	2.17554e-13 	0 	0
1.92693 	278.746 	10000 	0.124955 	2.38203e-13 	0 	0
1.93694 	278.746 	10000 	0.124955 	2.58851e-13 	0 	0
1.94695 	278.746 	10000 	0.124955 	2.79499e-13 	0 	0
1.95696 	278.746 	10000 	0.124955 	2.79851e-13 	0 	0
1.96697 	278.746 	10000 	0.124955 	2.71296e-13 	0 	0
1.97698 	278.746 	10000 	0.124955 	2.6274e-13 	0 	0
1.98699 	278.746 	10000 	0.124955 	2.54185e-13 	0 	0
1.997 	278.746 	10000 	0.124955 	2.4563e-13 	0 	0
2.00701 	278.746 	10000 	0.124955 	2.37074e-13 	0 	0
2.01702 	278.746 	10000 	0.124955 	2.28519e-13 	0 	0
2.02703 	278.746 	10000 	0.124955 	2.19964e-13 	0 	0
2.03704 	278.746 	10000 	0.124955 	2.11408e-13 	0 	0
2.04705 	278.746 	10000 	0.124955 	2.02853e-13 	0 	0
2.05706 	278.746 	10000 	0.124955 	1.7957e-13 	0 	0
2.06707 	278.746 	10000 	0.124955 	1.50123e-13 	0 	0
2.07708 	278.746 	10000 	0.124955 	1.20677e-13 	0 	0
2.08709 	278.746 	10000 	0.124955 	9.12312e-14 	0 	0
2.0971 	278.746 	10000 	0.124955 	6.17851e-14 	0 	0
2.10711 	278.746 	10000 	0.124955 	3.2339e-14 	0 	0
2.11712 	278.746 	10000 	0.124955 	2.89293e-15 	0 	0
2.12713 	278.746 	10000 	0.124955 	-2.65532e-14 	0 	0
2.13714 	278.746 	10000 	0.124955 	-5.59993e-14 	0 	0
2.14715 	278.746 	10000 	0.124955 	-8.54454e-14 	0 	0
2.15716 	278.746 	10000 	0.124955 	-9.43367e-14 	0 	0
2.16717 	278.746 	10000 	0.124955 	-9.5035e-14 	0 	0
2.17718 	278.746 	10000 	0.124955 	-9.57332e-14 	0 	0
2.18719 	278.746 	10000 	0.124955 	-9.64315e-14 	0 	0
2.1972 	278.746 	10000 	0.124955 	-9.71297e-14 	0 	0
2.20721 	278.746 	10000 	0.124955 	-9.7828e-14 	0 	0
2.21722 	278.746 	10000 	0.124955 	-9.85262e-14 	0 	0
2.22723 	278.746 	10000 	0.124955 	-9.92245e-14 	0 	0
2.23724 	278.746 	10000 	0.124955 	-9.99227e-14 	0 	0
2.24725 	278.746 	10000 	0.124955 	-1.00621e-13 	0 	0
2.25726 	278.746 	10000 	0.124955 	-8.198e-14 	0 	0
2.26727 	278.746 	10000 	0.124955 	-5.60034e-14 	0 	0
2.27728 	278.746 	10000 	0.124955 	-3.00268e-14 	0 	0
2.28729 	278.746 	10000 	0.124955 	-4.05025e-15 	0 	0
2.2973 	278.746 	10000 	0.124955 	2.19263e-14 	0 	0
2.30731 	278.746 	10000 	0.124955 	4.79029e-14 	0 	0
2.31732 	278.746 	10000 	0.124955 	7.38795e-14 	0 	0
2.32733 	278.746 	10000 	0.124955 	9.98561e-14 	0 	0
2.33734 	278.746 	10000 	0.124955 	1.25833e-13 	0 	0
2.34735 	278.746 	10000 	0.124955 	1.51809e-13 	0 	0
2.35736 	278.746 	10000 	0.124955 	1.58635e-13 	0 	0
2.36737 	278.746 	10000 	0.124955 	1.58555e-13 	0 	0
2.37738 	278.746 	10000 	0.124955 	1.58476e-13 	0 	0
2.38739 	278.746 	10000 	0.124955 	1.58397e-13 	0 	0
2.3974 	278.746 	10000 	0.124955 	1.58317e-13 	0 	0
2.40741 	278.746 	10000 	0.124955 	1.58238e-13 	0 	0
2.41742 	278.746 	10000 	0.124955 	1.58158e-13 	0 	0
2.42743 	278.746 	10000 	0.124955 	1.58079e-13 	0 	0
2.43744 	278.746 	10000 	0.124955 	1.58e-13 	0 	0
2.44745 	278.746 	10000 	0.124955 	1.5792e-13 	0 	0
2.45746 	278.746 	10000 	0.124955 	1.49397e-13 	0 	0
2.46747 	278.746 	10000 	0.124955 	1.37985e-13 	0 	0
2.47748 	278.746 	10000 	0.124955 	1.26572e-13 	0 	0
2.48749 	278.746 	10000 	0.124955 	1.15159e-13 	0 	0
2.4975 	278.746 	10000 	0.124955 	1.03746e-13 	0 	0
2.50751 	278.746 	10000 	0.124955 	9.23335e-14 	0 	0
2.51752 	278.746 	10000 	0.124955 	8.09207e-14 	0 	0
2.52753 	278.746 	10000 	0.124955 	6.95079e-14 	0 	0
2.53754 	278.746 	10000 	0.124955 	5.80951e-14 	0 	0
2.54755 	278.746 	10000 	0.124955 	4.66823e-14 	0 	0
2.55756 	278.746 	10000 	0.124955 	3.64239e-14 	0 	0
2.56757 	278.746 	10000 	0.124955 	2.654e-14 	0 	0
2.57758 	278.746 	10000 	0.124955 	1.66561e-14 	0 	0
2.58759 	278.746 	10000 	0.124955 	6.77218e-15 	0 	0
2.5976 	278.746 	10000 	0.124955 	-3.11172e-15 	0 	0
2.60761 	278.746 	10000 	0.124955 	-1.29956e-14 	0 	0
2.61762 	278.746 	10000 	0.124955 	-2.28795e-14 	0 	0
2.62763 	278.746 	10000 	0.124955 	-3.27634e-14 	0 	0
2.63764 	278.746 	10000 	0.124955 	-4.26473e-14 	0 	0
2.64765 	278.746 	10000 	0.124955 	-5.25312e-14 	0 	0
2.65766 	278.746 	10000 	0.124955 	-5.0386e-14 	0 	0
2.66767 	278.746 	10000 	0.124955 	-4.45456e-14 	0 	0
2.67768 	278.746 	10000 	0.124955 	-3.87052e-14 	0 	0
2.68769 	278.746 	10000 	0.124955 	-3.28649e-14 	0 	0
2.6977 	278.746 	10000 	0.124955 	-2.70245e-14 	0 	0
2.70771 	278.746 	10000 	0.124955 	-2.11841e-14 	0 	0
2.71772 	278.746 	10000 	0.124955 	-1.53437e-14 	0 	0
2.72773 	278.746 	10000 	0.124955 	-9.50332e-15 	0 	0
2.73774 	278.746 	10000 	0.124955 	-3.66294e-15 	0 	0
2.74775 	278.746 	10000 	0.124955 	2.17744e-15 	0 	0
2.75776 	278.746 	10000 	0.124955 	8.04295e-15 	0 	0
2.76777 	278.746 	10000 	0.124955 	1.39157e-14 	0 	0
2.77778 	278.746 	10000 	0.124955 	1.97885e-14 	0 	0
2.78779 	278.746 	10000 	0.124955 	2.56613e-14 	0 	0
2.7978 	278.746 	10000 	0.124955 	3.15341e-14 	0 	0
2.80781 	278.746 	10000 	0.124955 	3.74069e-14 	0 	0
2.81782 	278.746 	10000 	0.124955 	4.32797e-14 	0 	0
2.82783 	278.746 	10000 	0.124955 	4.91525e-14 	0 	0
2.83784 	278.746 	10000 	0.124955 	5.50253e-14 	0 	0
2.84785 	278.746 	10000 	0.124955 	6.08981e-14 	0 	0
2.85786 	278.746 	10000 	0.124955 	5.79368e-14 	0 	0
2.86787 	278.746 	10000 	0.124955 	5.2556e-14 	0 	0
2.87788 	278.746 	10000 	0.124955 	4.71752e-14 	0 	0
2.88789 	278.746 	10000 	0.124955 	4.17943e-14 	0 	0
2.8979 	278.746 	10000 	0.124955 	3.64135e-14 	0 	0
2.90791 	278.746 	10000 	0.124955 	3.10326e-14 	0 	0
2.91792 	278.746 	10000 	0.124955 	2.56518e-14 	0 	0
2.92793 	278.746 	10000 	0.124955 	2.0271e-14 	0 	0
2.93794 	278.746 	10000 	0.124955 	1.48901e-14 	0 	0
2.94795 	278.746 	10000 	0.124955 	9.50927e-15 	0 	0
2.95796 	278.746 	10000 	0.124955 	6.7559e-15 	0 	0
2.96797 	278.746 	10000 	0.124955 	4.68006e-15 	0 	0
2.97798 	278.746 	10000 	0.124955 	2.60421e-15 	0 	0
2.98799 	278.746 	10000 	0.124955 	5.28365e-16 	0 	0
2.998 	278.746 	10000 	0.124955 	-1.54748e-15 	0 	0
3.00801 	278.746 	10000 	0.124955 	-3.62333e-15 	0 	0
3.01802 	278.746 	10000 	0.124955 	-5.69917e-15 	0 	0
3.02803 	278.746 	10000 	0.124955 	-7.77502e-15 	0 	0
3.03804 	278.746 	10000 	0.124955 	-9.85086e-15 	0 	0
3.04805 	278.746 	10000 	0.124955 	-1.19267e-14 	0 	0
3.05806 	278.746 	10000 	0.124955 	-1.65616e-14 	0 	0
3.06807 	278.746 	10000 	0.124955 	-2.18163e-14 	0 	0
3.07808 	278.746 	10000 	0.124955 	-2.70711e-14 	0 	0
3.08809 	278.746 	10000 	0.124955 	-3.23258e-14 	0 	0
3.0981 	278.746 	10000 	0.124955 	-3.75805e-14 	0 	0
3.10811 	278.746 	10000 	0.124955 	-4.28353e-14 	0 	0
3.11812 	278.746 	10000 	0.124955 	-4.809e-14 	0 	0
3.12813 	278.746 	10000 	0.124955 	-5.33448e-14 	0 	0
3.13814 	278.746 	10000 	0.124955 	-5.85995e-14 	0 	0
3.14815 	278.746 	10000 	0.124955 	-6.38543e-14 	0 	0
3.15816 	278.746 	10000 	0.124955 	-5.90001e-14 	0 	0
3.16817 	278.746 	10000 	0.124955 	-5.18512e-14 	0 	0
3.17818 	278.746 	10000 	0.124955 	-4.47023e-14 	0 	0
3.18819 	278.746 	10000 	0.124955 	-3.75534e-14 	0 	0
3.1982 	278.746 	10000 	0.124955 	-3.04045e-14 	0 	0
3.20821 	278.746 	10000 	0.124955 	-2.32557e-14 	0 	0
3.21822 	278.746 	10000 	0.124955 	-1.61068e-14 	0 	0
3.22823 	278.746 	10000 	0.124955 	-8.95789e-15 	0 	0
3.23824 	278.746 	10000 	0.124955 	-1.80901e-15 	0 	0
3.24825 	278.746 	10000 	0.124955 	5.33988e-15 	0 	0
3.25826 	278.746 	10000 	0.124955 	1.09987e-14 	0 	0
3.26827 	278.746 	10000 	0.124955 	1.63415e-14 	0 	0
3.27828 	278.746 	10000 	0.124955 	2.16843e-14 	0 	0
3.28829 	278.746 	10000 	0.124955 	2.70271e-14 	0 	0
3.2983 	278.746 	10000 	0.124955 	3.23698e-14 	0 	0
3.30831 	278.746 	10000 	0.124955 	3.77126e-14 	0 	0
3.31832 	278.746 	10000 	0.124955 	4.30554e-14 	0 	0
3.32833 	278.746 	10000 	0.124955 	4.83982e-14 	0 	0
3.33834 	278.746 	10000 	0.124955 	5.3741e-14 	0 	0
3.34835 	278.746 	10000 	0.124955 	5.90837e-14 	0 	0
3.35836 	278.746 	10000 	0.124955 	5.58393e-14 	0 	0
3.36837 	278.746 	10000 	0.124955 	5.0898e-14 	0 	0
3.37838 	278.746 	10000 	0.124955 	4.59567e-14 	0 	0
3.38839 	278.746 	10000 	0.124955 	4.10154e-14 	0 	0
3.3984 	278.746 	10000 	0.124955 	3.60742e-14 	0 	0
3.40841 	278.746 	10000 	0.124955 	3.11329e-14 	0 	0
3.41842 	278.746 	10000 	0.124955 	2.61916e-14 	0 	0
3.42843 	278.746 	10000 	0.124955 	2.12503e-14 	0 	0
3.43844 	278.746 	10000 	0.124955 	1.6309e-14 	0 	0
3.44845 	278.746 	10000 	0.124955 	1.13677e-14 	0 	0
3.45846 	278.746 	10000 	0.124955 	9.57441e-15 	0 	0
3.46847 	278.746 	10000 	0.124955 	8.35856e-15 	0 	0
3.47848 	278.746 	10000 	0.124955 	7.14271e-15 	0 	0
3.48849 	278.746 	10000 	0.124955 	5.92686e-15 	0 	0
3.4985 	278.746 	10000 	0.124955 	4.71101e-15 	0 	0
3.50851 	278.746 	10000 	0.124955 	3.49516e-15 	0 	0
3.51852 	278.746 	10000 	0.124955 	2.27931e-15 	0 	0
3.52853 	278.746 	10000 	0.124955 	1.06346e-15 	0 	0
3.53854 	278.746 	10000 	0.124955 	-1.52392e-16 	0 	0
3.54855 	278.746 	10000 	0.124955 	-1.36824e-15 	0 	0
3.55856 	278.746 	10000 	0.124955 	-6.04978e-15 	0 	0
3.56857 	278.746 	10000 	0.124955 	-1.13191e-14 	0 	0
3.57858 	278.746 	10000 	0.124955 	-1.65883e-14 	0 	0
3.58859 	278.746 	10000 	0.124955 	-2.18576e-14 	0 	0
3.5986 	278.746 	10000 	0.124955 	-2.71269e-14 	0 	0
3.60861 	278.746 	10000 	0.124955 	-3.23962e-14 	0 	0
3.61862 	278.746 	10000 	0.124955 	-3.76655e-14 	0 	0
3.62863 	278.746 	10000 	0.124955 	-4.29348e-14 	0 	0
3.63864 	278.746 	10000 	0.124955 	-4.82041e-14 	0 	0
3.64865 	278.746 	10000 	0.124955 	-5.34733e-14 	0 	0
3.65866 	278.746 	10000 	0.124955 	-5.11178e-14 	0 	0
3.66867 	278.746 	10000 	0.124955 	-4.75723e-14 	0 	0
3.67868 	278.746 	10000 	0.124955 	-4.40268e-14 	0 	0
3.68869 	278.746 	10000 	0.124955 	-4.04813e-14 	0 	0
3.6987 	278.746 	10000 	0.124955 	-3.69358e-14 	0 	0
3.70871 	278.746 	10000 	0.124955 	-3.33903e-14 	0 	0
3.71872 	278.746 	10000 	0.124955 	-2.98448e-14 	0 	0
3.72873 	278.746 	10000 	0.124955 	-2.62993e-14 	0 	0
3.73874 	278.746 	10000 	0.124955 	-2.27538e-14 	0 	0
3.74875 	278.746 	10000 	0.124955 	-1.92083e-14 	0 	0
3.75876 	278.746 	10000 	0.124955 	-2.15666e-14 	0 	0
3.76877 	278.746 	10000 	0.124955 	-2.47683e-14 	0 	0
3.77878 	278.746 	10000 	0.124955 	-2.79699e-14 	0 	0
3.78879 	278.746 	10000 	0.124955 	-3.11716e-14 	0 	0
3.7988 	278.746 	10000 	0.124955 	-3.43733e-14 	0 	0
3.80881 	278.746 	10000 	0.124955 	-3.7575e-14 	0 	0
3.81882 	278.746 	10000 	0.124955 	-4.07767e-14 	0 	0
3.82883 	278.746 	10000 	0.124955 	-4.39783e-14 	0 	0
3.83884 	278.746 	10000 	0.124955 	-4.718e-14 	0 	0
3.84885 	278.746 	10000 	0.124955 	-5.03817e-14 	0 	0
3.85886 	278.746 	10000 	0.124955 	-6.81982e-14 	0 	0
3.86887 	278.746 	10000 	0.124955 	-8.79139e-14 	0 	0
3.87888 	278.746 	10000 	0.124955 	-1.07629e-13 	0 	0
3.88889 	278.746 	10000 	0.124955 	-1.27345e-13 	0 	0
3.8989 	278.746 	10000 	0.124955 	-1.47061e-13 	0 	0
3.90891 	278.746 	10000 	0.124955 	-1.66776e-13 	0 	0
3.91892 	278.746 	10000 	0.124955 	-1.86492e-13 	0 	0
3.92893 	278.746 	10000 	0.124955 	-2.06208e-13 	0 	0
3.93894 	278.746 	10000 	0.124955 	-2.25923e-13 	0 	0
3.94895 	278.746 	10000 	0.124955 	-2.45639e-13 	0 	0
3.95896 	278.746 	10000 	0.124955 	-2.45574e-13 	0 	0
3.96897 	278.746 	10000 	0.124955 	-2.43188e-13 	0 	0
3.97898 	278.746 	10000 	0.124955 	-2.40802e-13 	0 	0
3.98899 	278.746 	10000 	0.124955 	-2.38416e-13 	0 	0
3.999 	278.746 	10000 	0.124955 	-2.3603e-13 	0 	0
4.00901 	278.746 	10000 	0.124955 	-2.33644e-13 	0 	0
4.01902 	278.746 	10000 	0.124955 	-2.31258e-13 	0 	0
4.02903 	278.746 	10000 	0.124955 	-2.28872e-13 	0 	0
4.03904 	278.746 	10000 	0.124955 	-2.26487e-13 	0 	0
4.04905 	278.746 	10000 	0.124955 	-2.24101e-13 	0 	0
4.05906 	278.746 	10000 	0.124955 	-2.20624e-13 	0 	0
4.06907 	278.746 	10000 	0.124955 	-2.17034e-13 	0 	0
4.07908 	278.746 	10000 	0.124955 	-2.13443e-13 	0 	0
4.08909 	278.746 	10000 	0.124955 	-2.09852e-13 	0 	0
4.0991 	278.746 	10000 	0.124955 	-2.06262e-13 	0 	0
4.10911 	278.746 	10000 	0.124955 	-2.02671e-13 	0 	0
4.11912 	278.746 	10000 	0.124955 	-1.9908e-13 	0 	0
4.12913 	278.746 	10000 	0.124955 	-1.9549e-13 	0 	0
4.13914 	278.746 	10000 	0.124955 	-1.91899e-13 	0 	0
4.14915 	278.746 	10000 	0.124955 	-1.88308e-13 	0 	0
4.15916 	278.746 	10000 	0.124955 	-1.65944e-13 	0 	0
4.16917 	278.746 	10000 	0.124955 	-1.41837e-13 	0 	0
4.17918 	278.746 	10000 	0.124955 	-1.17729e-13 	0 	0
4.18919 	278.746 	10000 	0.124955 	-9.3621e-14 	0 	0
4.1992 	278.746 	10000 	0.124955 	-6.95132e-14 	0 	0
4.20921 	278.746 	10000 	0.124955 	-4.54054e-14 	0 	0
4.21922 	278.746 	10000 	0.124955 	-2.12976e-14 	0 	0
4.22923 	278.746 	10000 	0.124955 	2.81022e-15 	0 	0
4.23924 	278.746 	10000 	0.124955 	2.6918e-14 	0 	0
4.24925 	278.746 	10000 	0.124955 	5.10258e-14 	0 	0
4.25926 	278.746 	10000 	0.124955 	6.3548e-14 	0 	0
4.26927 	278.746 	10000 	0.124955 	7.51308e-14 	0 	0
4.27928 	278.746 	10000 	0.124955 	8.67136e-14 	0 	0
4.28929 	278.746 	10000 	0.124955 	9.82964e-14 	0 	0
4.2993 	278.746 	10000 	0.124955 	1.09879e-13 	0 	0
4.30931 	278.746 	10000 	0.124955 	1.21462e-13 	0 	0
4.31932 	278.746 	10000 	0.124955 	1.33045e-13 	0 	0
4.32933 	278.746 	10000 	0.124955 	1.44628e-13 	0 	0
4.33934 	278.746 	10000 	0.124955 	1.5621e-13 	0 	0
4.34935 	278.746 	10000 	0.124955 	1.67793e-13 	0 	0
4.35936 	278.746 	10000 	0.124955 	1.50391e-13 	0 	0
4.36937 	278.746 	10000 	0.124955 	1.30974e-13 	0 	0
4.37938 	278.746 	10000 	0.124955 	1.11557e-13 	0 	0
4.38939 	278.746 	10000 	0.124955 	9.21397e-14 	0 	0
4.3994 	278.746 	10000 	0.124955 	7.27226e-14 	0 	0
4.40941 	278.746 	10000 	0.124955 	5.33055e-14 	0 	0
4.41942 	278.746 	10000 	0.124955 	3.38884e-14 	0 	0
4.42943 	278.746 	10000 	0.124955 	1.44713e-14 	0 	0
4.43944 	278.746 	10000 	0.124955 	-4.94576e-15 	0 	0
4.44945 	278.746 	10000 	0.124955 	-2.43629e-14 	0 	0
4.45946 	278.746 	10000 	0.124955 	-2.76394e-14 	0 	0
4.46947 	278.746 	10000 	0.124955 	-2.99765e-14 	0 	0
4.47948 	278.746 	10000 	0.124955 	-3.23136e-14 	0 	0
4.48949 	278.746 	10000 	0.124955 	-3.46507e-14 	0 	0
4.4995 	278.746 	10000 	0.124955 	-3.69878e-14 	0 	0
4.50951 	278.746 	10000 	0.124955 	-3.9325e-14 	0 	0
4.51952 	278.746 	10000 	0.124955 	-4.16621e-14 	0 	0
4.52953 	278.746 	10000 	0.124955 	-4.39992e-14 	0 	0
4.53954 	278.746 	10000 	0.124955 	-4.63363e-14 	0 	0
4.54955 	278.746 	10000 	0.124955 	-4.86734e-14 	0 	0
4.55956 	278.746 	10000 	0.124955 	-6.06095e-14 	0 	0
4.56957 	278.746 	10000 	0.124955 	-7.2998e-14 	0 	0
4.57958 	278.746 	10000 	0.124955 	-8.53864e-14 	0 	0
4.58959 	278.746 	10000 	0.124955 	-9.77748e-14 	0 	0
4.5996 	278.746 	10000 	0.124955 	-1.10163e-13 	0 	0
4.60961 	278.746 	10000 	0.124955 	-1.22552e-13 	0 	0
4.61962 	278.746 	10000 	0.124955 	-1.3494e-13 	0 	0
4.62963 	278.746 	10000 	0.124955 	-1.47329e-13 	0 	0
4.63964 	278.746 	10000 	0.124955 	-1.59717e-13 	0 	0
4.64965 	278.746 	10000 	0.124955 	-1.72105e-13 	0 	0
4.65966 	278.746 	10000 	0.124955 	-1.49673e-13 	0 	0
4.66967 	278.746 	10000 	0.124955 	-1.25978e-13 	0 	0
4.67968 	278.746 	10000 	0.124955 	-1.02282e-13 	0 	0
4.68969 	278.746 	10000 	0.124955 	-7.8587e-14 	0 	0
4.6997 	278.746 	10000 	0.124955 	-5.48917e-14 	0 	0
4.70971 	278.746 	10000 	0.124955 	-3.11963e-14 	0 	0
4.71972 	278.746 	10000 	0.124955 	-7.50099e-15 	0 	0
4.72973 	278.746 	10000 	0.124955 	1.61943e-14 	0 	0
4.73974 	278.746 	10000 	0.124955 	3.98897e-14 	0 	0
4.74975 	278.746 	10000 	0.124955 	6.3585e-14 	0 	0
4.75976 	278.746 	10000 	0.124955 	7.32224e-14 	0 	0
4.76977 	278.746 	10000 	0.124955 	8.24994e-14 	0 	0
4.77978 	278.746 	10000 	0.124955 	9.17763e-14 	0 	0
4.78979 	278.746 	10000 	0.124955 	1.01053e-13 	0 	0
4.7998 	278.746 	10000 	0.124955 	1.1033e-13 	0 	0
4.80981 	278.746 	10000 	0.124955 	1.19607e-13 	0 	0
4.81982 	278.746 	10000 	0.124955 	1.28884e-13 	0 	0
4.82983 	278.746 	10000 	0.124955 	1.38161e-13 	0 	0
4.83984 	278.746 	10000 	0.124955 	1.47438e-13 	0 	0
4.84985 	278.746 	10000 	0.124955 	1.56715e-13 	0 	0
4.85986 	278.746 	10000 	0.124955 	1.41417e-13 	0 	0
4.86987 	278.746 	10000 	0.124955 	1.25744e-13 	0 	0
4.87988 	278.746 	10000 	0.124955 	1.10072e-13 	0 	0
4.88989 	278.746 	10000 	0.124955 	9.43993e-14 	0 	0
4.8999 	278.746 	10000 	0.124955 	7.87269e-14 	0 	0
4.90991 	278.746 	10000 	0.124955 	6.30544e-14 	0 	0
4.91992 	278.746 	10000 	0.124955 	4.7382e-14 	0 	0
4.92993 	278.746 	10000 	0.124955 	3.17095e-14 	0 	0
4.93994 	278.746 	10000 	0.124955 	1.60371e-14 	0 	0
4.94995 	278.746 	10000 	0.124955 	3.64662e-16 	0 	0
4.95996 	278.746 	10000 	0.124955 	2.863e-16 	0 	0
4.96997 	278.746 	10000 	0.124955 	2.863e-16 	0 	0
4.97998 	278.746 	10000 	0.124955 	2.863e-16 	0 	0
4.98999 	278.746 	10000 	0.124955 	2.863e-16 	0 	0
5 	278.746 	10000 	0.124955 	2.863e-16 	0 	0
